86340   0   5  1   0.005   10  0.5
15  0.642534    13.5    0.11    12  0.10    10.5    0.09    9   0.08
86804   0   5  1   0.005   10  0.5
15  0.648889    13.5    0.11    12  0.10    10.5    0.09    9   0.08
85875   0   5  1   0.005   10  0.5
15  0.674107    13.5    0.11    12  0.10    10.5    0.09    9   0.08
86339   0   5  1   0.005   10  0.5
15  0.671362    13.5    0.11    12  0.10    10.5    0.09    9   0.08
86803   0   5  1   0.005   10  0.5
15  0.488889    13.5    0.11    12  0.10    10.5    0.09    9   0.08
87267   0   5  1   0.005   10  0.5
15  0.672646    13.5    0.11    12  0.10    10.5    0.09    9   0.08
85874   0   5  1   0.005   10  0.5
15  0.363229    13.5    0.11    12  0.10    10.5    0.09    9   0.08
86338   0   5  1   0.005   10  0.5
15  0.591928    13.5    0.11    12  0.10    10.5    0.09    9   0.08
86802   0   5  1   0.005   10  0.5
15  0.472973    13.5    0.11    12  0.10    10.5    0.09    9   0.08
87266   0   5  1   0.005   10  0.5
15  0.617778    13.5    0.11    12  0.10    10.5    0.09    9   0.08
85873   0   5  1   0.005   10  0.5
15  0.264574    13.5    0.11    12  0.10    10.5    0.09    9   0.08
86337   0   5  1   0.005   10  0.5
15  0.422727    13.5    0.11    12  0.10    10.5    0.09    9   0.08
86801   0   5  1   0.005   10  0.5
15  0.388393    13.5    0.11    12  0.10    10.5    0.09    9   0.08
87265   0   5  1   0.005   10  0.5
15  0.459459    13.5    0.11    12  0.10    10.5    0.09    9   0.08
86336   0   5  1   0.005   10  0.5
15  0.306667    13.5    0.11    12  0.10    10.5    0.09    9   0.08
86800   0   5  1   0.005   10  0.5
15  0.275556    13.5    0.11    12  0.10    10.5    0.09    9   0.08
