21.9694798041 0.2776997581 0.0824838202262 27
21.9694798041 0.9444467581 0.0802763865827 125
21.9694798041 1.2454580961 0.0793180616949 169
21.9694798041 1.1625461064 0.0795797365132 152
21.9694798041 0.547302076 0.0815767750344 71
21.9694798041 0.2488631709 0.0825820330509 13
21.9694798041 0.8287356524 0.080650964724 106
21.9694798041 1.2459938461 0.079316376434 170
21.9694798041 0.893583404 0.0804406111693 119
21.9694798041 0.9129326525 0.0803780583369 124
21.9694798041 0.5916077585 0.0814296189003 78
21.9694798041 1.0055427341 0.0800800078134 138
21.9694798041 0.2819792429 0.0824692648852 28
21.9694798041 0.2548524461 0.0825616152942 15
21.9694798041 0.7194307409 0.0810080297531 94
21.9694798041 0.24210982 0.082605067699 11
21.9694798041 0.4058410565 0.0820502019825 57
21.9694798041 1.349059968 0.0789934971765 188
21.9694798041 1.2282114624 0.0793723511748 167
21.9694798041 0.9116351069 0.080382250038 122
21.9694798041 0.3092097969 0.0823767687988 34
21.9694798041 1.0054545904 0.0800802904387 137
21.9694798041 0.2130981524 0.082704168414 0
21.9694798041 1.1712406369 0.0795522150884 154
21.9694798041 1.1327016916 0.079674350229 147
21.9694798041 0.5802375401 0.0814673330841 77
21.9694798041 0.2534054489 0.0825665472594 14
21.9694798041 1.1635198764 0.0795766532218 153
21.9694798041 0.3443280864 0.0822577857408 44
21.9694798041 0.8342533964 0.0806330234176 109
21.9694798041 1.864503192 0.0774174079275 195
21.9694798041 0.8476764909 0.0805894106571 110
21.9694798041 0.6853647941 0.0811199596912 88
21.9694798041 1.1225492365 0.0797065871701 146
21.9694798041 1.2163699629 0.0794096692588 164
21.9694798041 1.3330654916 0.0790434312685 185
21.9694798041 0.3725552996 0.0821623989728 52
21.9694798041 0.7486113461 0.080912396829 98
21.9694798041 0.859923794 0.0805496592819 113
21.9694798041 0.6874245525 0.081113183191 89
21.9694798041 0.8649263729 0.0805334335657 114
21.9694798041 1.1776257024 0.0795320160995 155
21.9694798041 0.2268449384 0.0826571812572 3
21.9694798041 0.3226844764 0.0823310750292 40
21.9694798041 1.2949906376 0.0791625537775 180
21.9694798041 0.3557252264 0.0822192453257 48
21.9694798041 0.4670704664 0.0818446130023 63
21.9694798041 0.3146430636 0.0823583380341 37
21.9694798041 0.9922078565 0.0801227876574 134
21.9694798041 3.0288380109 0.0740786894096 198
21.9694798041 0.6401229756 0.0812690890586 82
21.9694798041 0.7846987976 0.0807944400895 104
21.9694798041 0.9635062304 0.0802150210662 127
21.9694798041 1.2532149301 0.079293668701 171
21.9694798041 0.3484028825 0.0822440023161 46
21.9694798041 0.9526838556 0.0802498541984 126
21.9694798041 0.2254693769 0.0826618805867 2
21.9694798041 0.4302387264 0.0819681586695 60
21.9694798041 0.3662391061 0.0821837237429 49
21.9694798041 0.3932051141 0.0820927581141 55
21.9694798041 0.8336040221 0.0806351344863 108
21.9694798041 0.2612074109 0.0825399619191 20
21.9694798041 1.1873089709 0.0795014028972 156
21.9694798041 0.8899061016 0.0804525102747 117
21.9694798041 0.2322763496 0.0826386311513 5
21.9694798041 0.6352580949 0.0812851576883 80
21.9694798041 1.2940633065 0.0791654595416 178
21.9694798041 1.2212841884 0.0793941779851 166
21.9694798041 0.2118899829 0.0827083005478 0
21.9694798041 1.0308377541 0.0799989838267 140
21.9694798041 0.9725106341 0.0801860623335 128
21.9694798041 0.2249836604 0.0826635400671 1
21.9694798041 1.1441913149 0.079637898837 150
21.9694798041 0.2751445976 0.0824925132624 26
21.9694798041 1.2039958244 0.0794487034494 161
21.9694798041 0.3688761561 0.0821748191731 50
21.9694798041 0.8552224076 0.0805649140499 112
21.9694798041 1.1405925924 0.0796493123723 149
21.9694798041 0.2912182321 0.0824378588372 31
21.9694798041 0.4203706541 0.0820013227809 59
21.9694798041 1.0034743149 0.08008664055 136
21.9694798041 0.3057875024 0.0823883821648 33
21.9694798041 0.4935380189 0.0817560619246 67
21.9694798041 1.2347497649 0.0793517609624 168
21.9694798041 1.0913964544 0.0798056691781 143
21.9694798041 0.9865630581 0.080140910602 132
21.9694798041 0.6667388321 0.08118128961 86
21.9694798041 1.1956602804 0.0794750195423 159
21.9694798041 0.3473653801 0.0822475113383 45
21.9694798041 1.2792649824 0.0792118585265 174
21.9694798041 0.2341715669 0.0826321603027 7
21.9694798041 0.5471539304 0.0815772679748 70
21.9694798041 0.9060340545 0.0804003491694 120
21.9694798041 0.315109718 0.0823567554304 38
21.9694798041 0.9870864485 0.0801392298827 133
21.9694798041 1.0873748581 0.0798184778961 142
21.9694798041 1.1953003304 0.0794761563308 158
21.9694798041 2.5881071264 0.0753080468204 196
21.9694798041 0.6507715589 0.0812339391061 84
21.9694798041 0.2591805129 0.082546866968 19
took 9.0 minutes and 37.268034935 seconds