0.1319021944 2.7935380196 0.406055075913 2
0.246290978 2.0242358584 0.468326292427 23
0.1671220269 1.1379737484 0.605126185736 1
0.0004595921 3.4432381324 0.36739732829 0
0.0476797064 3.0022281881 0.396046827345 1
0.0198717824 3.1861174785 0.384172901589 0
0.0764794804 2.8681129629 0.404482274916 0
0.1740621905 1.348690118 0.567737900611 6
0.1874121989 1.5310932164 0.537850500841 11
0.0302278929 3.0034171024 0.397326391088 0
0.0197778149 3.237777474 0.380404939197 1
0.18282609 1.8483281341 0.496135818383 10
0.1873085021 1.4943716021 0.54323024907 9
0.1851514809 1.4061315109 0.556904038074 7
0.0014583001 3.326393672 0.375385804725 0
0.0178557329 3.2019588149 0.383155374906 0
0.1238590776 2.4722131029 0.435154175447 0
0.008714886 3.3660509876 0.372109231739 0
0.2278355449 1.7806548981 0.498940942592 19
nan 3.4589090541 nan 81
0.0490452644 2.9369598416 0.401122734029 0
0.0451420641 3.0962533624 0.388999451334 4
0.0298018236 3.1229367181 0.38814311726 4
0.03773123 3.0668821996 0.391802440593 1
0.1878130384 1.7638826744 0.506111842954 14
0.0239843156 3.1721188424 0.384903828732 5
0.0182297936 3.2457374164 0.379941576422 1
0.1725999081 2.1168519824 0.466260037659 5
0.198924498 1.1782749444 0.592206659426 3
0.0254185456 3.0279738264 0.395773740247 0
0.0214329245 3.2481554489 0.379536286002 6
0.0205507184 3.1576435604 0.386235025632 0
0.178837784 1.4970095229 0.544092241331 8
0.0236718556 3.226395928 0.380947462478 7
0.0440510284 2.9484505989 0.400600770777 0
0.0733258341 2.9013920229 0.402032850403 1
0.1725946365 1.2770870549 0.57976363587 4
0.0257194504 3.1222721685 0.388501020992 2
0.0698301356 2.8908233704 0.403172686337 0
0.1784350776 1.539839 0.537883963974 8
0.0787717161 2.8260829104 0.407759281834 0
0.0221893649 3.1208321616 0.388876459042 0
0.0395509996 3.1238678685 0.387340258672 7
0.0480813349 3.0657628389 0.391095217615 3
0.1864354485 2.2765354505 0.448131983215 16
0.1727303376 1.2066470084 0.591825000652 4
0.0511836389 3.0705505109 0.390492739667 6
0.02182226 3.1687182676 0.385316324835 2
0.0332031476 3.1515512141 0.385746336369 5
0.0149540016 3.3848211221 0.370385794627 2
