0.0557725009 2.9972421576 0.395803324385 4
0.1677416176 1.4377219256 0.554713693825 21
0.1688546709 1.4909618145 0.546475488041 22
0.1639315944 1.2545027305 0.5850631634 11
0.0206954945 3.2821770165 0.377154079388 18
0.0324306001 3.0105024009 0.396594600722 0
0.1616995201 1.251989648 0.585876423281 9
0.0223502281 3.1894150404 0.383747136904 6
0.1059098924 2.5201431744 0.432333994254 0
0.0306986325 3.0307582901 0.395143143681 0
0.0243834256 3.2643283316 0.3781639257 18
0.0292255181 3.1792731249 0.383987812436 9
0.0871145569 2.9059836549 0.400552906264 11
0.0630877136 2.8848167681 0.404211521746 0
0.1193123241 2.4410168196 0.438564835339 0
0.1046282484 2.7197961576 0.414557226249 2
0.0834608144 2.9242853301 0.399381266999 13
0.1690361809 1.7643709869 0.508465031633 25
0.1011840256 2.7706153716 0.410525934452 4
0.1600232249 1.1405164224 0.605961513486 5
0.0441512745 2.9658119685 0.399204525661 0
0.1190405529 2.5098987596 0.432064424478 0
0.0163490689 3.2400641581 0.380487589851 8
0.1484398589 2.2103364936 0.458844372424 2
0.0495091676 3.0031411669 0.395831863991 4
0.1637707361 1.2740529729 0.581763397223 11
0.1843717101 1.510763746 0.541252147252 33
0.1148859436 2.6446125989 0.420212335846 2
0.0168462664 3.3024977225 0.375986212618 17
0.0213682929 3.1221461441 0.388839192443 0
0.1509687109 2.1418477304 0.465894600281 2
0.0644126664 2.9217044704 0.401113721384 2
0.1450316396 0.7451699724 0.691993247702 1
0.2860000621 1.6293486084 0.510810190436 39
0.0425543016 3.0984895209 0.389026055613 10
0.0567148765 2.98641517 0.396579104952 4
0.0124766089 3.3031658756 0.376248027559 4
0.0235374209 3.1230627589 0.388606056451 1
0.1006912316 2.6417528001 0.421723479841 0
0.0152196516 3.1292248484 0.38876889429 0
0.0628709224 3.0078797089 0.394418922448 9
0.0839030081 2.8995131801 0.401331119953 8
0.0849831321 2.8025765236 0.409202166498 1
0.0148107416 3.3117301361 0.37547820357 12
0.0157888821 3.1234311001 0.389164115747 0
0.0270844056 3.0605995284 0.393106180719 0
0.0111093321 3.1674525729 0.386207606801 0
0.0218784589 3.0613822716 0.393448242385 0
0.0259158836 2.9772504405 0.39974685438 0
0.1801047381 1.4471582496 0.551379926623 29
0.1673867385 1.5478247856 0.538327356875 21
0.0262112376 3.0766315181 0.391938395077 0
0.0602473349 2.9871315385 0.396245269112 5
0.1736023844 1.2241488336 0.588624614246 11
0.0377581344 2.9826179681 0.398376527807 0
0.0199670245 3.2786136009 0.377459576705 16
0.1458665149 2.2502447564 0.454947538079 3
0.2040624689 0.8926912829 0.645837596495 4
0.0973513049 2.6771740436 0.418889806634 0
0.013879234 3.1979727745 0.383740750263 0
0.0315768156 3.0877608024 0.390675542275 4
0.1810483369 1.2913177165 0.575976141122 20
0.0139676981 3.1519067469 0.387156138093 0
0.1569198009 1.0773540416 0.618376828121 2
0.1585634089 2.154513602 0.463706072242 8
0.0221302616 3.2649037136 0.378283931857 15
0.1843439564 1.3758765629 0.561762955176 26
0.0048011289 3.2935671536 0.377474704166 0
0.166799866 1.3686469424 0.565699360898 18
0.0477715305 3.0584300436 0.391680581148 7
0.0083748544 3.1871608685 0.384945866349 0
0.0782083481 2.7753816536 0.412066119985 0
0.2948441964 2.1917061364 0.445776788768 59
0.2636800904 2.1829195876 0.449781888371 56
0.0507670424 3.016190496 0.394714182 7
0.1700242289 1.3407728861 0.569671198445 20
0.0785128384 2.910153336 0.400908766007 10
0.0125945189 3.3359502141 0.373933490293 8
0.2525512925 2.0279114009 0.467239208295 47
0.3041091389 1.9313714996 0.472201426639 47
0.0907696181 2.8745907161 0.402790505701 6
0.0032516009 3.2498569796 0.380726948501 0
0.0540411784 3.0143460925 0.394602837767 7
0.1663311564 1.3806252565 0.563863709384 18
0.0664618489 2.9311546124 0.400190774039 4
0.0924799404 2.7688616716 0.411409063511 0
0.2471522356 2.2289757344 0.446814750026 56
0.2681601789 2.0825516776 0.459694888093 50
0.0100782756 3.2066696904 0.38338060666 0
0.0136035596 3.1352955869 0.388432545112 0
0.0154232316 3.274316784 0.378090415427 9
0.0324371369 2.9391377289 0.402287012463 0
0.1640994296 1.2726097089 0.581952070833 13
0.1230909985 0.3528992644 0.807757619231 0
0.0278162176 3.0732534636 0.392074628459 1
0.0801384785 2.8487749936 0.405768941029 3
0.1643657165 1.9337597845 0.488028001952 15
0.0954901256 2.7523516721 0.412554716812 0
0.1608002609 1.1397310169 0.605963050086 5
0.0195901304 3.1794002969 0.384690071653 3
took 9.0 minutes and 30.9338610172 seconds