21.9694798041 0.730006364 0.0809733444003 1347
21.9694798041 0.1194876965 0.0830255593126 325
21.9694798041 0.6994075436 0.0810737822023 1312
21.9694798041 0.1274780776 0.0829980286233 421
21.9694798041 0.1134614829 0.0830463345887 224
21.9694798041 0.3366963081 0.0822836134638 894
21.9694798041 0.4286364021 0.0819735418545 1002
21.9694798041 0.9427380649 0.0802818926246 1612
21.9694798041 0.4458578264 0.0819157215955 1020
21.9694798041 0.1418141121 0.0829486798573 514
21.9694798041 0.5304894889 0.0816327553754 1126
21.9694798041 3.2851308629 0.0733820792539 1998
21.9694798041 0.1310764149 0.0829856365897 447
21.9694798041 0.1158981016 0.0830379331323 269
21.9694798041 0.1534279244 0.0829087447711 562
21.9694798041 0.111032416 0.0830547116988 170
21.9694798041 0.1341010584 0.0829752231176 463
21.9694798041 0.8200048656 0.080679369767 1450
21.9694798041 0.2297361124 0.0826473058838 740
21.9694798041 0.1399744869 0.0829550090956 504
21.9694798041 1.0315761509 0.0799966210867 1740
21.9694798041 1.0009853821 0.0800946231913 1679
21.9694798041 0.6301524756 0.0813020283092 1236
21.9694798041 0.1908853496 0.0827802058155 665
21.9694798041 0.1069835604 0.0830686787225 57
21.9694798041 1.1753190005 0.0795393121075 1952
21.9694798041 1.1879881269 0.0794992566615 1978
21.9694798041 0.7132941956 0.0810281696873 1331
21.9694798041 0.7807874264 0.0808072083171 1403
21.9694798041 0.2789897644 0.0824794321287 816
21.9694798041 0.2522312065 0.0825705499964 775
21.9694798041 0.1490196356 0.0829238985203 545
21.9694798041 0.1067592669 0.0830694525878 50
21.9694798041 0.1129905524 0.0830479585522 216
21.9694798041 0.1082348169 0.0830643618583 92
21.9694798041 0.8472646301 0.0805907481258 1484
21.9694798041 1.0501465504 0.0799372449317 1763
21.9694798041 0.3919723721 0.0820969121846 962
21.9694798041 0.8394976464 0.080615978792 1477
21.9694798041 0.1894946736 0.0827849709368 661
21.9694798041 0.6711515569 0.0811667513993 1283
21.9694798041 0.1423448189 0.0829468541378 517
21.9694798041 0.1477911876 0.0829281223687 540
21.9694798041 0.9668357924 0.080204310547 1646
21.9694798041 0.9013982221 0.0804153354736 1557
21.9694798041 0.9033794501 0.0804089300534 1559
21.9694798041 0.7012335164 0.081067781625 1316
21.9694798041 0.8498202416 0.0805824497998 1489
21.9694798041 0.1791885421 0.0828203017793 637
21.9694798041 0.12396938 0.083010115518 381
21.9694798041 0.1190347349 0.0830271205292 319
21.9694798041 1.096312836 0.0797900161673 1829
21.9694798041 1.0904706685 0.0798086174267 1824
21.9694798041 0.248392476 0.0825836381028 770
21.9694798041 0.4980865805 0.0817408633357 1097
21.9694798041 1.106438676 0.0797577963729 1844
21.9694798041 0.1140547669 0.0830442887901 236
21.9694798041 0.5964936984 0.0814134233189 1198
21.9694798041 0.5537015405 0.0815554871081 1156
21.9694798041 0.7722077381 0.0808352298762 1392
21.9694798041 1.0459156401 0.0799507648984 1760
21.9694798041 0.1287342365 0.082993702215 433
21.9694798041 0.2040015904 0.0827352902696 687
21.9694798041 1.1696493596 0.07955725065 1943
21.9694798041 0.1252956345 0.0830055463723 396
21.9694798041 1.0163118276 0.0800454926336 1710
21.9694798041 0.800775692 0.0807420012408 1427
21.9694798041 0.1148419744 0.083041574448 250
21.9694798041 0.1672268304 0.0828613460107 596
21.9694798041 0.28195745 0.082469338994 819
21.9694798041 0.9013592576 0.0804154614582 1556
21.9694798041 0.9133913489 0.0803765766299 1576
21.9694798041 0.9069536336 0.0803973771002 1567
21.9694798041 0.8669950276 0.0805267258559 1509
21.9694798041 0.1077982884 0.0830658678409 79
21.9694798041 0.8136903824 0.0806999259961 1442
21.9694798041 1.0193930441 0.0800356227409 1714
21.9694798041 0.1415404169 0.0829496214456 512
21.9694798041 0.1115762484 0.0830528360401 185
21.9694798041 0.2293877216 0.0826484957561 739
21.9694798041 0.3533836081 0.0822271607625 919
21.9694798041 0.2055352036 0.082730041713 692
21.9694798041 0.1079613941 0.0830653051351 83
21.9694798041 0.1103805104 0.0830569602098 160
21.9694798041 0.1074130036 0.0830671970829 67
21.9694798041 0.1109419376 0.0830550237638 167
21.9694798041 0.8841322496 0.0804712005514 1529
21.9694798041 0.1362490629 0.0829678293917 482
21.9694798041 0.9090272409 0.0803906760314 1569
21.9694798041 0.1061432829 0.0830715779514 28
21.9694798041 0.8027662001 0.0807355134315 1430
21.9694798041 0.8489502461 0.0805852745703 1487
21.9694798041 0.1211793161 0.0830197293491 351
21.9694798041 0.1082717864 0.0830642343195 94
21.9694798041 1.070221946 0.0798731558371 1791
21.9694798041 0.2248469961 0.0826640070012 730
21.9694798041 0.1116780664 0.0830524848828 187
21.9694798041 0.3997176245 0.0820708193555 971
21.9694798041 0.5691183821 0.0815042483203 1168
21.9694798041 0.6390102521 0.0812727638076 1242
21.9694798041 0.2369885921 0.0826225439938 753
21.9694798041 0.7476166089 0.0809156531407 1371
21.9694798041 0.4949772656 0.0817512522065 1093
21.9694798041 0.1059716989 0.0830721699965 19
21.9694798041 1.1027182716 0.0797696314444 1835
21.9694798041 0.1152022069 0.0830403324024 255
21.9694798041 0.1130874381 0.0830476244449 219
21.9694798041 0.6277823136 0.0813098624729 1234
21.9694798041 0.5267762756 0.0816451295044 1123
21.9694798041 1.1694771641 0.0795577955971 1942
21.9694798041 0.1059716989 0.0830721699965 19
21.9694798041 0.7042009576 0.0810580318079 1322
21.9694798041 0.8343634809 0.0806326655519 1468
21.9694798041 0.6268064256 0.081313088542 1230
21.9694798041 0.781182802 0.080805917475 1405
21.9694798041 0.4524899424 0.081893476274 1029
21.9694798041 0.1481849061 0.0829267685753 543
21.9694798041 0.7159295796 0.0810195192193 1332
21.9694798041 0.1166092176 0.0830354815262 282
21.9694798041 0.139640018 0.082956159941 503
21.9694798041 0.3850364189 0.0821202926672 952
21.9694798041 0.1123172096 0.0830502806274 205
21.9694798041 0.6641622336 0.0811897809077 1275
21.9694798041 0.1053846389 0.0830741956922 2
21.9694798041 0.2256206129 0.0826613638931 733
21.9694798041 0.8089222589 0.0807154551337 1435
21.9694798041 0.3278539124 0.082313558489 883
21.9694798041 0.3029473124 0.0823980226782 846
21.9694798041 0.9551282369 0.0802419840148 1630
21.9694798041 1.0150808876 0.0800494363171 1706
21.9694798041 0.1056547809 0.0830732635342 9
21.9694798041 0.1184484505 0.083029141355 308
21.9694798041 0.3990099716 0.082073202665 970
21.9694798041 0.1852316144 0.0827995816364 652
21.9694798041 0.140882574 0.0829518846974 511
21.9694798041 0.5728882316 0.0814917287969 1170
21.9694798041 0.2490822044 0.0825812861762 772
21.9694798041 0.7743724825 0.0808281579131 1397
21.9694798041 0.1283987801 0.0829948575354 429
21.9694798041 1.1210669136 0.0797112961508 1867
21.9694798041 0.1057065424 0.0830730849272 12
21.9694798041 0.3313561421 0.0823016954819 889
21.9694798041 0.1548716885 0.082903782952 566
21.9694798041 0.3293576756 0.082308464414 885
21.9694798041 0.2529746861 0.082568015591 776
21.9694798041 0.9960412001 0.0801104851633 1674
21.9694798041 0.3807876916 0.0821346213282 947
21.9694798041 1.0073377924 0.0800742525453 1694
21.9694798041 1.1402525184 0.0796503911038 1891
21.9694798041 0.2556760229 0.0825588084668 781
21.9694798041 0.2870407784 0.0824520562707 831
21.9694798041 0.4319341409 0.0819624635076 1004
21.9694798041 0.9377168056 0.0802980773525 1610
21.9694798041 0.1237046984 0.0830110274461 378
21.9694798041 0.4813490881 0.0817968179655 1075
21.9694798041 0.1514340045 0.0829155983007 552
21.9694798041 0.9709037781 0.0801912285514 1649
21.9694798041 0.3252365921 0.0823224262998 880
21.9694798041 0.2118899829 0.0827083005478 703
21.9694798041 0.2984853684 0.0824131725006 842
21.9694798041 1.1360310245 0.0796637843243 1886
21.9694798041 0.1185693061 0.0830287247776 312
21.9694798041 0.8466458224 0.0805927577133 1483
21.9694798041 0.4093625256 0.0820383500148 986
21.9694798041 0.224744184 0.0826643582776 728
21.9694798041 0.1170407129 0.0830339939963 285
21.9694798041 0.2317067016 0.082640576301 744
21.9694798041 0.3170150516 0.082350294346 868
21.9694798041 0.8544688385 0.0805673597216 1493
21.9694798041 1.6764582929 0.0779850591714 1992
21.9694798041 0.5446863896 0.081585479359 1144
21.9694798041 0.1269650849 0.0829997955803 413
21.9694798041 0.3390713836 0.0822755739146 897
21.9694798041 0.2053176436 0.0827307862383 691
21.9694798041 0.1106013041 0.0830561986487 163
21.9694798041 0.1068506909 0.0830691371517 52
21.9694798041 0.9073797536 0.0803959999598 1568
21.9694798041 1.1924638961 0.0794851154517 1985
21.9694798041 0.1241239865 0.0830095828495 384
21.9694798041 0.9550022241 0.0802423897009 1629
21.9694798041 0.7423440661 0.0809329173963 1362
21.9694798041 0.8345089284 0.0806321927319 1469
21.9694798041 0.7729387009 0.0808328417691 1393
21.9694798041 1.0846268409 0.0798272326505 1815
21.9694798041 0.6631918789 0.0811929792163 1273
21.9694798041 1.0387740264 0.0799735964596 1751
21.9694798041 0.7586884509 0.0808794237962 1379
21.9694798041 0.6902373681 0.0811039309994 1302
21.9694798041 0.6830901556 0.0811274444518 1297
21.9694798041 1.1031792841 0.0797681647154 1838
21.9694798041 0.3142522969 0.0823596633204 865
21.9694798041 0.3934048261 0.082092085168 964
21.9694798041 0.1085980661 0.0830631087241 103
21.9694798041 0.259188954 0.0825468382092 792
21.9694798041 0.8075999096 0.0807197629063 1432
21.9694798041 0.1775311676 0.082825986303 635
21.9694798041 0.9375068329 0.0802987542872 1609
21.9694798041 0.1099059856 0.083058596987 146
21.9694798041 0.1672559976 0.0828612458798 597
21.9694798041 0.9864349881 0.0801413218731 1665
21.9694798041 0.1062085385 0.0830713527912 31
21.9694798041 1.070221946 0.0798731558371 1791
21.9694798041 0.5480881485 0.0815741595523 1148
21.9694798041 0.1208451665 0.0830208808906 346
21.9694798041 0.1687632709 0.0828560717442 604
21.9694798041 1.0568078609 0.0799159678324 1771
21.9694798041 0.3270403976 0.082316314575 882
21.9694798041 0.6192599649 0.0813380441124 1221
21.9694798041 0.1192061276 0.0830265297854 322
21.9694798041 0.2963662381 0.0824203696225 839
21.9694798041 0.9103909801 0.080386269581 1572
21.9694798041 1.1472110456 0.0796283241279 1905
21.9694798041 0.8276516801 0.0806544902693 1461
21.9694798041 0.2402607224 0.0826113769295 759
21.9694798041 0.7081582721 0.0810450333141 1325
21.9694798041 0.1198304476 0.083024377996 329
21.9694798041 0.1644342456 0.0828709340674 594
21.9694798041 0.7794882861 0.0808114501062 1402
21.9694798041 0.1311985849 0.0829852159229 448
21.9694798041 0.1274153156 0.0829982447973 420
21.9694798041 0.8093765321 0.0807139753693 1437
21.9694798041 1.1758574276 0.0795376089639 1953
21.9694798041 0.1457578901 0.0829351145264 528
21.9694798041 0.7315359549 0.0809683301899 1351
21.9694798041 0.1146495981 0.0830422377575 246
21.9694798041 0.3845308416 0.0821219974441 951
21.9694798041 0.110030696 0.0830581668175 151
21.9694798041 0.1113628261 0.0830535721159 176
21.9694798041 0.1222084584 0.0830161829345 357
21.9694798041 0.1056779649 0.0830731835359 10
21.9694798041 1.0999564585 0.0797784193889 1832
21.9694798041 0.8821257956 0.0804776975868 1527
21.9694798041 0.5620189965 0.0815278355496 1164
21.9694798041 0.4762335476 0.0818139348697 1067
21.9694798041 0.2446577669 0.0825963755321 764
21.9694798041 0.1383110436 0.082960733011 495
21.9694798041 0.517356086 0.0816765387319 1112
21.9694798041 1.0203049041 0.0800327022963 1716
21.9694798041 0.1229472244 0.0830136373407 370
21.9694798041 0.1119074661 0.0830516937234 193
21.9694798041 0.8601375981 0.0805489656809 1500
21.9694798041 0.354216066 0.0822243466076 921
21.9694798041 0.1540325885 0.0829066666351 565
21.9694798041 0.1132111064 0.0830471979827 220
21.9694798041 0.4888375229 0.0817717741274 1086
21.9694798041 0.151495972 0.0829153852881 553
21.9694798041 0.4410608481 0.0819318190652 1009
21.9694798041 1.0219215044 0.0800275252801 1722
21.9694798041 0.9877381241 0.0801371373105 1666
21.9694798041 1.1116493264 0.079741226545 1852
21.9694798041 0.9768753241 0.0801720327367 1656
21.9694798041 1.1401148336 0.0796508278551 1890
21.9694798041 0.573970962 0.0814881338024 1171
21.9694798041 0.4982106629 0.0817404488052 1098
21.9694798041 0.9582472541 0.0802319439446 1634
21.9694798041 0.1716321269 0.0828462253817 615
21.9694798041 0.5572705544 0.0815436195487 1158
21.9694798041 1.1793178516 0.0795266647488 1966
21.9694798041 0.1699445105 0.0828520172617 608
21.9694798041 0.316974896 0.0823504305053 867
21.9694798041 0.114882028 0.0830414363454 251
21.9694798041 0.9894462804 0.0801316528295 1668
21.9694798041 0.5842642241 0.0814539728729 1185
21.9694798041 0.5780969369 0.0814744372164 1177
21.9694798041 0.1098632424 0.0830587444241 143
21.9694798041 1.0303250769 0.0800006243857 1738
21.9694798041 0.1615746124 0.0828807546276 584
21.9694798041 0.8424067169 0.0806065269687 1479
21.9694798041 0.1604866601 0.0828844914877 581
21.9694798041 0.2290893416 0.0826495148518 738
21.9694798041 0.5405100065 0.0815993811281 1137
21.9694798041 1.09187242 0.0798041535076 1825
21.9694798041 1.0517866121 0.0799320053083 1766
21.9694798041 0.1744253441 0.0828366408716 626
21.9694798041 1.0502366321 0.0799369571234 1764
21.9694798041 0.1583325545 0.0828918913275 575
21.9694798041 0.1120975284 0.0830510382433 199
21.9694798041 0.1084551941 0.0830636015983 98
21.9694798041 0.8226262481 0.0806708391691 1454
21.9694798041 1.159462054 0.0795895032626 1926
21.9694798041 0.1228462025 0.0830139854264 368
21.9694798041 0.1352864429 0.0829711426988 473
21.9694798041 0.4037301925 0.0820573080148 979
21.9694798041 0.1370209601 0.0829651727376 489
21.9694798041 0.105371316 0.083074241665 1
21.9694798041 0.1395323549 0.0829565303966 500
21.9694798041 0.1730960901 0.0828412017328 617
21.9694798041 1.0388467196 0.0799733639956 1752
21.9694798041 1.115683538 0.0797284025113 1858
21.9694798041 0.113665908 0.083045629666 228
21.9694798041 0.7537723985 0.0808955061256 1377
21.9694798041 0.9134753604 0.0803763052571 1577
21.9694798041 0.4937809736 0.0817552499715 1092
21.9694798041 1.1639164801 0.0795753975064 1933
21.9694798041 0.4622799201 0.081860660983 1044
21.9694798041 1.0121909924 0.0800586964856 1702
21.9694798041 1.1245825496 0.0797001287321 1872
21.9694798041 1.1759527485 0.079537307454 1954
21.9694798041 1.0817963629 0.0798362521201 1809
21.9694798041 0.2681534856 0.0825163074338 799
21.9694798041 1.0781829684 0.0798477693574 1804
21.9694798041 0.1332621989 0.0829781109448 458
21.9694798041 0.4721762801 0.0818275158242 1063
21.9694798041 0.1161317929 0.0830371274545 272
21.9694798041 0.1115524256 0.0830529182023 183
21.9694798041 0.5757352241 0.0814822765945 1172
21.9694798041 0.1125261636 0.0830495600193 209
21.9694798041 1.0873004865 0.0798187148071 1819
21.9694798041 0.1053427841 0.0830743401191 0
21.9694798041 0.1511565009 0.0829165522298 550
21.9694798041 0.3546245221 0.0822229658769 923
21.9694798041 0.7740128849 0.0808293325901 1394
21.9694798041 0.4426387544 0.0819265233047 1013
21.9694798041 0.6739309141 0.0811575971715 1287
21.9694798041 1.0940126341 0.0797973388957 1827
21.9694798041 0.3198473576 0.0823406917238 872
21.9694798041 1.1879881269 0.0794992566615 1978
21.9694798041 0.123651664 0.083011210172 376
21.9694798041 0.5508262301 0.0815650505018 1152
21.9694798041 0.4579203569 0.0818752706722 1039
21.9694798041 0.1293977584 0.0829914171236 440
21.9694798041 0.6117159681 0.0813630068502 1214
21.9694798041 1.1865167861 0.0795039064673 1976
21.9694798041 0.9323275261 0.0803154555603 1601
21.9694798041 0.1292655421 0.082991872451 439
21.9694798041 0.1064743236 0.0830704357299 43
21.9694798041 0.1175143165 0.0830323613642 296
21.9694798041 0.1088803645 0.0830621348794 116
21.9694798041 0.2850946805 0.0824586719206 829
21.9694798041 0.1107902544 0.0830555469329 166
21.9694798041 0.6757365284 0.0811516512177 1291
21.9694798041 0.8706834241 0.0805147688293 1517
21.9694798041 0.7925068244 0.0807689637348 1418
21.9694798041 0.4211378121 0.0819987435936 994
21.9694798041 0.9235800896 0.0803436784606 1587
21.9694798041 0.1073347849 0.0830674669445 61
21.9694798041 0.2167787736 0.0826915826429 717
21.9694798041 0.1252956345 0.0830055463723 396
21.9694798041 0.3247485565 0.0823240800372 879
21.9694798041 0.9033794501 0.0804089300534 1559
21.9694798041 0.6683643876 0.0811759334315 1279
21.9694798041 0.4702059481 0.0818341127737 1057
21.9694798041 1.0184569061 0.0800386211633 1712
21.9694798041 0.2022503301 0.0827412845045 683
21.9694798041 0.8239608376 0.0806664967926 1456
21.9694798041 0.4231116581 0.0819921082637 996
21.9694798041 0.3048155696 0.0823916809617 851
21.9694798041 1.0625763605 0.0798975516373 1779
21.9694798041 1.0139201541 0.0800531554291 1704
21.9694798041 0.1890529589 0.0827864845775 660
21.9694798041 1.0329980996 0.079992071494 1741
21.9694798041 0.492045114 0.0817610515573 1090
21.9694798041 0.12089576 0.083020706534 347
21.9694798041 0.1447433689 0.0829386037299 525
21.9694798041 1.0592183981 0.0799082710512 1776
21.9694798041 0.7934109361 0.0807660147994 1421
21.9694798041 0.9002677124 0.0804189909316 1554
21.9694798041 0.147871324 0.0829278468177 541
21.9694798041 0.5421757949 0.0815938357131 1140
21.9694798041 0.5191796304 0.0816704567006 1115
21.9694798041 1.071156258 0.0798701756233 1794
21.9694798041 0.4891503761 0.0817707281751 1087
21.9694798041 0.8090013204 0.0807151975923 1436
21.9694798041 0.1339844684 0.0829756244741 462
21.9694798041 0.5425638141 0.0815925441041 1141
21.9694798041 0.1076019744 0.0830665451237 73
21.9694798041 0.1146737489 0.0830421544855 247
21.9694798041 0.3532465704 0.082227624042 918
21.9694798041 0.9719506616 0.0801878626308 1650
21.9694798041 1.1773130081 0.079533005061 1959
21.9694798041 0.8755760424 0.08049891344 1523
21.9694798041 0.1098823424 0.0830586785411 145
21.9694798041 0.6971558596 0.0810811829902 1309
21.9694798041 0.6514292216 0.0812317692215 1253
21.9694798041 0.1110187409 0.0830547588648 169
21.9694798041 1.1620964149 0.0795811604721 1930
21.9694798041 0.8578635981 0.0805563433671 1498
21.9694798041 0.2751775925 0.0824924009972 807
21.9694798041 1.1414308576 0.0796466534784 1893
21.9694798041 0.1090117089 0.0830616817885 120
21.9694798041 0.2576280216 0.0825521566333 787
21.9694798041 0.9262560825 0.0803350424792 1590
21.9694798041 0.1741686816 0.0828375214784 624
21.9694798041 0.5307572984 0.0816318630564 1127
21.9694798041 0.8150177065 0.0806956041431 1446
21.9694798041 0.148693494 0.0829250198711 544
21.9694798041 1.1133022945 0.0797359715576 1855
21.9694798041 0.1634564736 0.0828742916728 590
21.9694798041 1.0139201541 0.0800531554291 1704
21.9694798041 1.0943052541 0.0797964072607 1828
21.9694798041 0.1255278821 0.0830047462963 399
21.9694798041 0.2707431401 0.0825074919733 801
21.9694798041 0.10962236 0.0830595753268 138
21.9694798041 0.7851292229 0.0807930352614 1409
21.9694798041 0.1290731564 0.082992534999 438
21.9694798041 0.2563439364 0.0825565322948 786
21.9694798041 1.0196425709 0.0800348235519 1715
21.9694798041 0.1155228316 0.0830392269518 259
21.9694798041 0.923511548 0.0803438996829 1586
21.9694798041 0.1116780664 0.0830524848828 187
21.9694798041 1.143258046 0.0796408584336 1899
21.9694798041 0.4567160289 0.0818793075137 1037
21.9694798041 0.1126872404 0.0830490045312 211
21.9694798041 0.7395377869 0.0809421091969 1360
21.9694798041 0.1206678396 0.083021492005 342
21.9694798041 0.1196698901 0.0830249313649 327
21.9694798041 0.913352126 0.0803767033278 1575
21.9694798041 0.5955190821 0.0814166533964 1195
21.9694798041 0.3746016709 0.0821554923752 943
21.9694798041 0.1147713536 0.0830418179459 249
21.9694798041 1.1706260996 0.0795541597025 1945
21.9694798041 0.1077748724 0.0830659486254 78
21.9694798041 0.109529758 0.0830598947536 137
21.9694798041 0.2824122096 0.0824677925693 822
21.9694798041 0.5347894784 0.081618430525 1131
21.9694798041 0.4102075509 0.0820355064803 989
21.9694798041 0.4072986089 0.0820452959827 983
21.9694798041 0.2022824069 0.0827411747038 684
21.9694798041 0.812420834 0.080704060161 1440
21.9694798041 0.6051808824 0.0813846435364 1208
21.9694798041 1.0656790584 0.0798876496444 1783
21.9694798041 0.1796766964 0.0828186276386 640
21.9694798041 1.176428822 0.0795358016184 1955
21.9694798041 0.1205925249 0.0830217515616 339
21.9694798041 0.4018179865 0.0820637463456 974
21.9694798041 0.1382038941 0.0829611017399 494
21.9694798041 0.7741189204 0.0808289862064 1396
21.9694798041 0.880773304 0.0804820776392 1525
21.9694798041 0.1269964084 0.0829996876872 414
21.9694798041 0.4019588021 0.0820632721899 975
21.9694798041 0.1391205665 0.0829579473406 498
21.9694798041 0.5383616056 0.0816065342747 1135
21.9694798041 1.1620964149 0.0795811604721 1930
21.9694798041 0.9555817344 0.0802405240569 1631
21.9694798041 0.9560108929 0.0802391425032 1633
21.9694798041 0.8947692076 0.0804367748674 1544
21.9694798041 0.3685262009 0.0821760007615 933
21.9694798041 0.1145353945 0.0830426315341 243
21.9694798041 0.1245865209 0.0830079893125 389
21.9694798041 0.1076308109 0.0830664456371 76
21.9694798041 1.0405257381 0.079967995074 1753
21.9694798041 1.1654507401 0.0795705401486 1938
21.9694798041 0.1625755044 0.0828773170968 589
21.9694798041 0.6687704305 0.0811745956371 1280
21.9694798041 0.634049002 0.0812891522904 1239
21.9694798041 0.7028407721 0.0810625005387 1317
21.9694798041 1.1806892069 0.0795223284235 1967
21.9694798041 0.1136260664 0.0830457670516 227
21.9694798041 0.9735285049 0.0801827901119 1652
21.9694798041 0.4934879149 0.0817562293739 1091
21.9694798041 0.1852492781 0.0827995210873 653
21.9694798041 0.1092020801 0.0830610250851 127
21.9694798041 0.523225164 0.0816569669461 1119
21.9694798041 0.2185314281 0.0826855908409 720
21.9694798041 0.1826844969 0.082808313784 650
21.9694798041 0.1172952864 0.0830331164087 290
21.9694798041 0.1054906921 0.0830738297401 3
21.9694798041 0.1056779649 0.0830731835359 10
21.9694798041 0.5192310224 0.081670285307 1116
21.9694798041 0.8365984356 0.0806254007858 1473
21.9694798041 0.2605374861 0.0825422440292 796
21.9694798041 0.1117715724 0.0830521623952 190
21.9694798041 0.1087852984 0.0830624628264 112
21.9694798041 0.3597184805 0.0822057503336 928
21.9694798041 0.4374578596 0.0819439139624 1007
21.9694798041 0.1082717864 0.0830642343195 94
21.9694798041 0.3059241744 0.0823879183132 853
21.9694798041 0.1055557469 0.0830736052607 6
21.9694798041 0.598260472 0.0814075685237 1200
21.9694798041 1.0688826141 0.0798774283476 1786
21.9694798041 0.7697717096 0.0808431895723 1390
21.9694798041 0.5617434116 0.0815287514371 1163
21.9694798041 0.6926583204 0.0810959694534 1305
21.9694798041 0.533119124 0.0816239944942 1128
21.9694798041 0.7208140281 0.0810034912339 1337
21.9694798041 0.7225459989 0.0809978094125 1340
21.9694798041 0.5837757124 0.0814555934815 1184
21.9694798041 0.1255278821 0.0830047462963 399
21.9694798041 1.1926285781 0.0794845952343 1986
21.9694798041 0.2560077401 0.0825576779972 783
21.9694798041 0.4656294884 0.0818494395118 1048
21.9694798041 1.1773903969 0.0795327603003 1960
21.9694798041 0.1272556676 0.0829987946852 416
21.9694798041 0.1091785125 0.0830611063832 126
21.9694798041 0.7186650749 0.0810105420963 1335
21.9694798041 0.2735993025 0.0824977714756 804
21.9694798041 0.3154055456 0.0823557521973 866
21.9694798041 0.3736046485 0.0821588572268 941
21.9694798041 1.1189003849 0.0797181796885 1863
21.9694798041 0.5344623536 0.0816195201216 1130
21.9694798041 0.8346918836 0.0806315979901 1470
21.9694798041 0.3693363196 0.0821732655292 934
21.9694798041 0.39146226 0.0820986312737 960
21.9694798041 1.1383749596 0.0796563473392 1888
21.9694798041 0.6801469604 0.0811371311666 1292
21.9694798041 0.1476961984 0.0829284489939 537
21.9694798041 0.1509240189 0.0829173514124 549
21.9694798041 1.0919153049 0.0798040169472 1826
21.9694798041 0.3540251729 0.0822249919118 920
21.9694798041 1.0706110316 0.0798719147276 1793
21.9694798041 0.3475012724 0.0822470517088 908
21.9694798041 0.1924640561 0.0827747970764 669
21.9694798041 0.1081138976 0.0830647790131 87
21.9694798041 1.0130583185 0.0800559170644 1703
21.9694798041 0.6910879296 0.081101133664 1304
21.9694798041 2.167369832 0.0765203162526 1995
21.9694798041 0.1407898316 0.0829522037795 509
21.9694798041 0.7034988341 0.0810603384913 1319
21.9694798041 0.674600174 0.0811553931726 1288
21.9694798041 0.2891088221 0.0824450272362 833
21.9694798041 0.9789783944 0.0801652745066 1660
21.9694798041 0.1099351289 0.0830584964612 147
21.9694798041 0.1536504561 0.0829079799523 563
21.9694798041 0.1396071721 0.0829562729594 501
21.9694798041 1.1093763096 0.0797484538742 1849
21.9694798041 0.2738333689 0.0824969749691 805
21.9694798041 0.1402384781 0.0829541007734 506
21.9694798041 1.0853099509 0.0798250561891 1817
21.9694798041 0.1203648909 0.0830225360654 336
21.9694798041 0.3266654604 0.0823175848772 881
21.9694798041 0.1175444516 0.0830322574831 297
21.9694798041 0.1178381404 0.0830312450979 302
21.9694798041 0.1111046841 0.0830544624438 172
21.9694798041 0.9881119169 0.0801359370871 1667
21.9694798041 0.189724096 0.0827841847881 662
21.9694798041 0.394283132 0.0820891257744 966
21.9694798041 0.1087717625 0.083062509521 111
21.9694798041 0.5021115284 0.0817274190642 1102
21.9694798041 0.1435504665 0.0829427068085 521
21.9694798041 1.1357676401 0.0796646200937 1885
21.9694798041 0.1121269609 0.0830509367384 200
21.9694798041 0.1904910536 0.0827815568065 663
21.9694798041 0.1273584861 0.0829984405387 419
21.9694798041 0.1346463084 0.0829733461676 468
21.9694798041 0.3582189876 0.0822108172715 926
21.9694798041 0.1302213456 0.0829885809611 445
21.9694798041 0.6074780681 0.0813770365885 1211
21.9694798041 0.91770565 0.0803626430031 1580
21.9694798041 0.6105340501 0.0813669191508 1213
21.9694798041 0.6339463324 0.0812894915084 1238
21.9694798041 0.7858879581 0.0807905590097 1411
21.9694798041 1.0100911596 0.0800654263801 1699
21.9694798041 1.0625028421 0.0798977862948 1778
21.9694798041 0.4509535856 0.0818986284184 1027
21.9694798041 1.1583512024 0.0795930217567 1922
21.9694798041 0.1120736504 0.0830511205923 198
21.9694798041 0.6197761541 0.081336336626 1222
21.9694798041 0.1116780664 0.0830524848828 187
21.9694798041 0.5601216449 0.0815341416842 1161
21.9694798041 0.3859053384 0.082117362887 953
21.9694798041 0.1123466709 0.0830501790251 207
21.9694798041 0.9699440289 0.0801943145677 1648
21.9694798041 0.1250072996 0.0830065396865 392
21.9694798041 0.114270752 0.0830435440419 238
21.9694798041 0.1095006681 0.0830599950986 135
21.9694798041 1.15980498 0.0795884171469 1927
21.9694798041 0.300874004 0.0824050615749 844
21.9694798041 0.3821063556 0.0821301736521 948
21.9694798041 0.3242842576 0.0823256534031 878
21.9694798041 0.1052492756 0.0830746627876 0
21.9694798041 0.1128135184 0.0830485690551 213
21.9694798041 0.52389621 0.0816547297869 1120
21.9694798041 0.265996466 0.082523651597 797
21.9694798041 0.3135679789 0.0823619842893 861
21.9694798041 0.1174051765 0.0830327375919 292
21.9694798041 0.1162057016 0.083036872649 273
21.9694798041 0.1330439169 0.0829788624275 456
21.9694798041 0.6391703501 0.0812722350664 1243
21.9694798041 0.4240689476 0.0819888906021 997
21.9694798041 0.1229328341 0.0830136869244 369
21.9694798041 0.1743554444 0.082836880695 625
21.9694798041 1.0689563529 0.0798771931066 1787
21.9694798041 0.11355857 0.0830459998 225
21.9694798041 0.4228099116 0.0819931225527 995
21.9694798041 0.8728843449 0.0805076355859 1519
21.9694798041 0.9221590044 0.0803482653507 1584
21.9694798041 0.146598254 0.0829322245177 533
21.9694798041 0.1601603144 0.082885612474 580
21.9694798041 0.4456856456 0.0819162992821 1019
21.9694798041 0.7515748289 0.0809026973036 1374
21.9694798041 0.6158180424 0.0813494313751 1217
21.9694798041 1.0525805501 0.079929469104 1767
21.9694798041 0.8294351109 0.0806486899469 1462
21.9694798041 0.9280636301 0.0803292102004 1593
21.9694798041 0.1061146464 0.0830716767601 24
21.9694798041 0.277004562 0.0824861852053 809
21.9694798041 0.2352989556 0.0826283115353 750
21.9694798041 0.4101706469 0.0820356306593 988
21.9694798041 0.2576807816 0.0825519768578 788
21.9694798041 0.1114590116 0.0830532403785 181
21.9694798041 0.5593252385 0.0815367889519 1159
21.9694798041 0.921460872 0.0803505189308 1583
21.9694798041 1.0220824709 0.0800270098361 1723
21.9694798041 0.649282488 0.0812388525577 1251
21.9694798041 0.1085031236 0.0830634362523 100
21.9694798041 0.1430694676 0.0829443613557 519
21.9694798041 0.6591686265 0.0812062426258 1264
21.9694798041 0.1916546484 0.0827775700653 667
21.9694798041 0.6886194681 0.0811092524984 1300
21.9694798041 0.4749315584 0.0818182925472 1066
21.9694798041 0.6889567124 0.0811081431972 1301
21.9694798041 1.1573886585 0.079596070755 1916
21.9694798041 0.4914523336 0.0817630329352 1089
21.9694798041 0.2159197061 0.0826945198551 714
21.9694798041 1.1463382385 0.079631091315 1903
21.9694798041 0.1139843889 0.0830445314666 233
21.9694798041 0.1105720724 0.0830562994738 162
21.9694798041 0.2777792329 0.0824835498704 813
21.9694798041 0.1202344541 0.0830229856014 333
21.9694798041 0.1469104841 0.0829311508107 536
21.9694798041 0.9245639321 0.080340503182 1588
21.9694798041 0.1642295236 0.0828716370469 592
21.9694798041 0.6564911304 0.0812150718979 1257
21.9694798041 0.54709514 0.081577463596 1146
21.9694798041 0.6570471529 0.0812132382082 1259
21.9694798041 0.4520488996 0.0818949552366 1028
21.9694798041 0.9296902081 0.0803239625666 1596
21.9694798041 0.7118233429 0.081032998464 1328
21.9694798041 0.1917808245 0.0827771377803 668
21.9694798041 0.1241133184 0.0830096196043 382
21.9694798041 0.2954571856 0.0824234573883 838
21.9694798041 0.4763434341 0.0818135671076 1068
21.9694798041 1.1303199736 0.0796819105217 1878
21.9694798041 0.2735533256 0.0824979279325 803
21.9694798041 1.1848194785 0.0795092710606 1972
21.9694798041 0.9255009669 0.080337479205 1589
21.9694798041 1.1437541945 0.0796392850125 1901
21.9694798041 0.7069949649 0.0810488539681 1324
21.9694798041 0.3500700996 0.0822383641112 913
21.9694798041 0.9364389565 0.0803021972096 1606
21.9694798041 0.2255449884 0.0826616222613 732
21.9694798041 0.6567958736 0.0812140668843 1258
21.9694798041 1.0887089869 0.0798142282621 1822
21.9694798041 0.1076308109 0.0830664456371 76
21.9694798041 1.1207297636 0.0797123672723 1866
21.9694798041 1.1513148829 0.0796153157143 1913
21.9694798041 0.4252617176 0.0819848817919 999
21.9694798041 0.2806605929 0.0824737493168 817
21.9694798041 0.1559057621 0.0829002294911 571
21.9694798041 0.7716727101 0.08083697794 1391
21.9694798041 0.6341189981 0.0812889210265 1240
21.9694798041 0.1080137176 0.0830651246234 85
21.9694798041 0.4467543069 0.0819127139307 1021
21.9694798041 0.1299273945 0.0829895932094 443
21.9694798041 0.787589412 0.0807850065992 1414
21.9694798041 0.1258479981 0.0830036435453 407
21.9694798041 0.936593044 0.0803017004005 1607
21.9694798041 0.1222861216 0.0830159153201 359
21.9694798041 0.146598254 0.0829322245177 533
21.9694798041 0.5099356016 0.0817012974719 1109
21.9694798041 0.2072532761 0.0827241626636 694
21.9694798041 0.1400494221 0.0829547512619 505
21.9694798041 0.590820812 0.0814322280196 1191
21.9694798041 0.1713445181 0.0828472123945 614
21.9694798041 0.2503040141 0.0825771202176 773
21.9694798041 0.1138769009 0.0830449021081 232
21.9694798041 0.1123466709 0.0830501790251 207
21.9694798041 0.6631918789 0.0811929792163 1273
21.9694798041 0.1753353744 0.0828335187167 629
21.9694798041 0.2581840025 0.0825502622112 790
21.9694798041 0.4912215736 0.0817638042801 1088
21.9694798041 0.4084219909 0.082041515173 984
21.9694798041 0.1167320089 0.083035058212 283
21.9694798041 0.8923359981 0.0804446471614 1540
21.9694798041 0.4648170641 0.0818521609518 1046
21.9694798041 0.1092446949 0.0830608780828 128
21.9694798041 0.107840628 0.0830657217708 80
21.9694798041 0.3904430324 0.0821020663088 956
21.9694798041 1.0353952844 0.0799844027583 1744
21.9694798041 0.1686685736 0.0828563968 603
21.9694798041 0.2313488441 0.0826417983067 742
21.9694798041 0.5028312301 0.0817250155576 1104
21.9694798041 0.2597466161 0.0825449383036 794
21.9694798041 0.4087079601 0.0820405527821 985
21.9694798041 0.1232948981 0.0830124394023 375
21.9694798041 1.0080843729 0.0800718591223 1695
21.9694798041 0.3474592296 0.0822471939099 907
21.9694798041 0.1139954021 0.0830444934909 234
21.9694798041 0.8712416921 0.0805129593481 1518
21.9694798041 0.1215742144 0.0830183684975 352
21.9694798041 0.80024048 0.0807437458744 1426
21.9694798041 0.1368879224 0.082965630604 486
21.9694798041 0.6929233784 0.0810950978783 1306
21.9694798041 0.109323606 0.0830606058755 130
21.9694798041 0.2914212125 0.0824371691155 834
21.9694798041 0.1507779549 0.0829178535314 548
21.9694798041 0.3904619541 0.0821020025356 957
21.9694798041 0.3448581324 0.0822559925433 904
21.9694798041 0.1176846116 0.0830317743294 300
21.9694798041 0.4262788244 0.0819814636821 1001
21.9694798041 0.2926179429 0.0824331028939 837
21.9694798041 0.4045134785 0.0820546710098 980
21.9694798041 0.4664649001 0.0818466412578 1051
21.9694798041 0.3229338829 0.0823302297487 875
21.9694798041 0.1089854685 0.0830617723081 118
21.9694798041 0.1209310901 0.0830205847789 348
21.9694798041 0.122261182 0.0830160012576 358
21.9694798041 0.1068506909 0.0830691371517 52
21.9694798041 0.5041417496 0.0817206393264 1105
21.9694798041 0.1174051765 0.0830327375919 292
21.9694798041 1.0426569549 0.0799611812166 1756
21.9694798041 0.1356955269 0.0829697346125 476
21.9694798041 0.339453372 0.0822742810436 898
21.9694798041 0.9945737984 0.0801151941045 1672
21.9694798041 0.1352127925 0.082971396212 471
21.9694798041 0.46261762 0.0818595295068 1045
21.9694798041 0.1553255364 0.0829022233246 568
21.9694798041 0.8244914816 0.080664770357 1457
21.9694798041 0.4545358584 0.0818866163385 1032
21.9694798041 1.1464146021 0.0796308492007 1904
21.9694798041 0.9441373061 0.0802773836956 1614
21.9694798041 0.8077947929 0.0807191280127 1433
21.9694798041 1.0043486816 0.080083836611 1688
21.9694798041 1.1161792444 0.0797268270343 1859
21.9694798041 0.1151723736 0.0830404352632 254
21.9694798041 0.106156654 0.0830715318152 30
21.9694798041 0.3475870629 0.0822467615415 909
21.9694798041 0.1242458424 0.0830091630221 386
21.9694798041 0.5091206789 0.0817040174086 1108
21.9694798041 0.1082058996 0.0830644616186 90
21.9694798041 1.0645233941 0.0798913375606 1781
21.9694798041 1.1861163504 0.0795051720387 1975
21.9694798041 0.7679069689 0.0808492836512 1389
21.9694798041 0.7503002336 0.0809068687889 1372
21.9694798041 0.111333494 0.083053673281 174
21.9694798041 0.1337123769 0.0829765611534 459
21.9694798041 0.220903352 0.0826774833244 724
21.9694798041 0.4361375469 0.0819483470234 1006
21.9694798041 0.1069548109 0.0830687779142 56
21.9694798041 0.1756399816 0.0828324737152 630
21.9694798041 0.8670614384 0.0805265105343 1510
21.9694798041 0.1067072484 0.0830696320659 49
21.9694798041 0.2987898405 0.0824121385368 843
21.9694798041 0.6526745269 0.0812276607934 1254
21.9694798041 1.1752861724 0.0795394159512 1951
21.9694798041 0.1165080501 0.0830358302971 280
21.9694798041 0.4811225169 0.0817975759347 1073
21.9694798041 1.0250586509 0.0800174807629 1726
21.9694798041 1.1425245661 0.0796431846107 1897
21.9694798041 0.1791885421 0.0828203017793 637
21.9694798041 0.1208203741 0.0830209663311 345
21.9694798041 0.8488035456 0.0805857509087 1485
21.9694798041 0.1249617144 0.0830066967298 391
21.9694798041 0.6478415009 0.0812436079141 1250
21.9694798041 0.8549938844 0.0805656556951 1494
21.9694798041 0.6393679389 0.0812715825173 1244
21.9694798041 0.409986112 0.0820362516096 987
21.9694798041 0.1288692041 0.0829932373923 435
21.9694798041 0.7298961984 0.0809737055623 1346
21.9694798041 0.2305800004 0.0826444238633 741
21.9694798041 0.8671354496 0.0805262705715 1511
21.9694798041 0.2821745044 0.0824686008863 821
21.9694798041 0.6946605884 0.0810893859738 1307
21.9694798041 0.1241133184 0.0830096196043 382
21.9694798041 0.4710568329 0.0818312637609 1061
21.9694798041 0.2386453161 0.0826168895802 756
21.9694798041 0.1588385396 0.0828901530356 576
21.9694798041 0.1224935489 0.0830152005689 362
21.9694798041 0.2153475401 0.0826964762467 712
21.9694798041 0.8044931356 0.0807298855484 1431
21.9694798041 0.424626616 0.0819870162718 998
21.9694798041 0.2032475009 0.0827378712698 686
21.9694798041 0.8008543541 0.0807417448318 1428
21.9694798041 0.1119506049 0.083051544947 195
21.9694798041 1.0764170296 0.0798533992725 1799
21.9694798041 2.9282942469 0.0743555952328 1997
21.9694798041 1.1616232504 0.0795826588138 1929
21.9694798041 0.12523928 0.0830057405118 395
21.9694798041 0.1107473396 0.0830556949511 165
21.9694798041 0.3719058376 0.0821645911798 940
21.9694798041 1.1277654836 0.0796900208399 1876
21.9694798041 0.2835684609 0.0824638609608 825
21.9694798041 0.1803171425 0.0828164313109 645
21.9694798041 0.1219486049 0.0830170783586 356
21.9694798041 0.3136341621 0.0823617598132 863
21.9694798041 0.1434350265 0.0829431038948 520
21.9694798041 0.4485942016 0.0819065418318 1023
21.9694798041 0.2427989461 0.0826027166065 762
21.9694798041 1.0162232129 0.0800457765242 1709
21.9694798041 1.142618526 0.0796428866162 1898
21.9694798041 1.159160848 0.079590457267 1925
21.9694798041 1.0045963604 0.0800830423847 1689
21.9694798041 0.1113765224 0.0830535248781 177
21.9694798041 1.0008260856 0.0800951341499 1678
21.9694798041 0.4864708361 0.0817796874644 1085
21.9694798041 0.1170407129 0.0830339939963 285
21.9694798041 0.1069027444 0.083068957555 54
21.9694798041 1.0630969989 0.0798958898934 1780
21.9694798041 1.0359901184 0.0799825000769 1745
21.9694798041 0.118503256 0.0830289524453 309
21.9694798041 0.8760407761 0.0804974077136 1524
21.9694798041 1.1504080369 0.0796181898844 1911
21.9694798041 0.1081662581 0.0830645983762 89
21.9694798041 1.161433778 0.0795832588205 1928
21.9694798041 0.1285452661 0.0829943530299 431
21.9694798041 0.6731561896 0.0811601486347 1285
21.9694798041 0.3944279101 0.0820886379747 967
21.9694798041 0.5333875961 0.0816231001594 1129
21.9694798041 0.1674985701 0.0828604131384 599
21.9694798041 0.8863657021 0.0804639697129 1535
21.9694798041 0.5761184781 0.0814810043335 1174
21.9694798041 0.7119110405 0.0810327105386 1329
21.9694798041 0.9920794209 0.080123199916 1670
21.9694798041 0.5100276836 0.0817009901447 1110
21.9694798041 0.2382821376 0.0826181290454 755
21.9694798041 0.1143840329 0.0830431534382 241
21.9694798041 0.5430469889 0.0815909358056 1142
21.9694798041 1.1038682109 0.0797659729687 1839
21.9694798041 0.1322982476 0.0829814296568 453
21.9694798041 0.1118780624 0.0830517951308 192
21.9694798041 0.6571849464 0.081212783796 1260
21.9694798041 1.1767413989 0.0795348129588 1957
21.9694798041 0.1889586856 0.0827868076346 659
21.9694798041 0.4566288921 0.0818795996069 1036
21.9694798041 1.1731450949 0.0795461893113 1948
21.9694798041 1.0875581901 0.0798178938972 1820
21.9694798041 0.8637069665 0.0805373880717 1507
21.9694798041 0.6700457661 0.0811703940606 1282
21.9694798041 1.0157226716 0.0800473801221 1708
21.9694798041 1.122084194 0.0797080644376 1868
21.9694798041 0.8178195856 0.0806864825634 1448
21.9694798041 0.8339474165 0.0806340181223 1467
21.9694798041 0.7885418825 0.0807818987041 1415
21.9694798041 0.1192611081 0.0830263402844 323
21.9694798041 0.4579203569 0.0818752706722 1039
21.9694798041 0.1074418149 0.0830670976817 69
21.9694798041 0.9525741865 0.0802502073366 1627
21.9694798041 0.6747328784 0.0811549561662 1290
21.9694798041 0.2710173569 0.0825065586203 802
21.9694798041 0.8533149324 0.0805711049554 1491
21.9694798041 0.256278656 0.0825567547573 785
21.9694798041 1.0514320124 0.0799331381153 1765
21.9694798041 0.1238119064 0.0830106580716 379
21.9694798041 0.2074131305 0.0827236157024 695
21.9694798041 0.9055534169 0.0804019026721 1564
21.9694798041 0.1720199349 0.0828448945435 616
21.9694798041 1.1666002209 0.0795669013629 1940
21.9694798041 0.1058394596 0.0830726262898 14
21.9694798041 0.1565023796 0.0828981794304 573
21.9694798041 1.1928984749 0.0794837426663 1987
21.9694798041 0.1316881505 0.0829835302491 450
21.9694798041 1.1063636556 0.0797580349875 1843
21.9694798041 0.175281386 0.0828337039349 628
21.9694798041 0.500120382 0.0817340694081 1101
21.9694798041 0.8301401681 0.0806463970916 1463
21.9694798041 0.1207927489 0.0830210615343 344
21.9694798041 0.1711264949 0.0828479606199 611
21.9694798041 0.1242003956 0.0830093195985 385
21.9694798041 1.1152430041 0.0797298026888 1856
21.9694798041 1.1314931704 0.0796781862612 1882
21.9694798041 0.2923018509 0.0824341768647 836
21.9694798041 1.14135466 0.0796468951623 1892
21.9694798041 0.1058912661 0.0830724475302 16
21.9694798041 0.653171288 0.0812260220282 1255
21.9694798041 0.1516423836 0.0829148820041 555
21.9694798041 0.2138892636 0.0827014629104 708
21.9694798041 0.7521770521 0.080900726502 1375
21.9694798041 0.6831240761 0.0811273328253 1298
21.9694798041 0.1339051061 0.0829758976779 460
21.9694798041 0.135271348 0.082971194657 472
21.9694798041 1.0431221721 0.0799596939936 1757
21.9694798041 0.1061280161 0.0830716306287 26
21.9694798041 0.1706534756 0.082849584003 610
21.9694798041 0.1056493916 0.0830732821304 8
21.9694798041 0.1218278816 0.0830174943632 355
21.9694798041 1.1228110841 0.0797057554016 1870
21.9694798041 0.502253446 0.0817269451068 1103
21.9694798041 0.1176705329 0.0830318228607 299
21.9694798041 0.7329801565 0.0809635964673 1353
21.9694798041 0.1476961984 0.0829284489939 537
21.9694798041 0.1065844364 0.083070055804 46
21.9694798041 1.1814019209 0.0795200749567 1968
21.9694798041 0.123008876 0.0830134249125 373
21.9694798041 0.1159280289 0.0830378299536 271
21.9694798041 0.1203648909 0.0830225360654 336
21.9694798041 0.7301424125 0.0809728983893 1348
21.9694798041 0.1225463341 0.0830150186841 364
21.9694798041 1.1028423804 0.0797692365822 1836
21.9694798041 1.0214195609 0.080029132637 1721
21.9694798041 0.1737383056 0.0828389981366 621
21.9694798041 0.8754553916 0.080499304355 1522
21.9694798041 0.7117491816 0.0810332419491 1327
21.9694798041 1.0213474801 0.0800293634643 1720
21.9694798041 0.7033169664 0.0810609360018 1318
21.9694798041 0.3070041589 0.0823842531335 856
21.9694798041 0.1119643376 0.0830514975859 196
21.9694798041 0.1637150169 0.0828734038255 591
21.9694798041 0.1101919101 0.0830576107406 156
21.9694798041 0.4029232656 0.0820600247862 978
21.9694798041 1.1785103381 0.0795292183865 1965
21.9694798041 0.1735920044 0.0828395001209 620
21.9694798041 0.2157157776 0.0826952171316 713
21.9694798041 0.9664823465 0.0802054473744 1645
21.9694798041 0.1596039689 0.0828875235718 579
21.9694798041 1.1639164801 0.0795753975064 1933
21.9694798041 1.0300411409 0.0800015330054 1736
21.9694798041 0.6249284709 0.0813192973637 1227
21.9694798041 0.5760206109 0.0814813292125 1173
21.9694798041 0.9979565684 0.0801043395149 1677
21.9694798041 0.4598592725 0.0818687723695 1041
21.9694798041 0.2315059649 0.0826412617688 743
21.9694798041 0.1531592989 0.0829096680285 559
21.9694798041 0.1225713029 0.083014932648 365
21.9694798041 1.1825921696 0.0795163119003 1969
21.9694798041 0.4676877644 0.0818425455566 1054
21.9694798041 0.1086505436 0.0830629276908 107
21.9694798041 0.8949198281 0.0804362876074 1545
21.9694798041 1.0208953881 0.0800308112471 1718
21.9694798041 0.3174245924 0.0823489057044 869
21.9694798041 0.1162057016 0.083036872649 273
21.9694798041 1.0379435009 0.0799762524754 1749
21.9694798041 0.1424949921 0.0829463375316 518
21.9694798041 1.058379738 0.0799109487024 1774
21.9694798041 0.4022338101 0.0820623461961 976
21.9694798041 0.1355126596 0.0829703640444 475
21.9694798041 0.7165102225 0.081017613547 1333
21.9694798041 0.8118298256 0.0807059848687 1438
21.9694798041 0.1551926036 0.0829026801359 567
21.9694798041 0.466742472 0.0818457115589 1052
21.9694798041 0.112140704 0.0830508893422 202
21.9694798041 0.1994843476 0.0827507537124 677
21.9694798041 0.2698443704 0.0825105512679 800
21.9694798041 0.8842740524 0.0804707414239 1531
21.9694798041 1.1767413989 0.0795348129588 1957
21.9694798041 0.7331092709 0.0809631732904 1354
21.9694798041 0.3414582084 0.0822674961769 901
21.9694798041 0.8986828089 0.0804241162133 1552
21.9694798041 0.2353136449 0.0826282613902 751
21.9694798041 0.6239548049 0.0813225168342 1226
21.9694798041 1.1774857796 0.0795324586318 1961
21.9694798041 0.1873291761 0.0827923920597 655
21.9694798041 0.8208227216 0.0806767080767 1452
21.9694798041 0.2474373601 0.0825868952038 768
21.9694798041 1.1911966069 0.0794891189462 1982
21.9694798041 0.1082872064 0.0830641811231 96
21.9694798041 0.1062371876 0.0830712539398 34
21.9694798041 0.9786063336 0.0801664700435 1659
21.9694798041 0.544850336 0.0815849337335 1145
21.9694798041 0.1592785224 0.0828886415512 578
21.9694798041 0.4065896441 0.0820476822258 981
21.9694798041 0.4416607181 0.0819298057041 1011
21.9694798041 0.1242565161 0.0830091262484 387
21.9694798041 0.861020876 0.0805461003693 1502
21.9694798041 0.1157458424 0.0830384580719 264
21.9694798041 0.470266226 0.081833910939 1059
21.9694798041 1.026929428 0.0800114921079 1730
21.9694798041 0.3844321121 0.0821223303624 950
21.9694798041 0.3065527276 0.0823857851314 854
21.9694798041 0.2513691276 0.0825734888831 774
21.9694798041 0.8270551565 0.0806564305528 1459
21.9694798041 0.3444312556 0.0822574367032 903
21.9694798041 0.1057065424 0.0830730849272 12
21.9694798041 0.4499664009 0.0819019392664 1026
21.9694798041 0.111333494 0.083053673281 174
21.9694798041 0.3289578729 0.0823098187046 884
21.9694798041 0.9288197901 0.0803267706067 1594
21.9694798041 0.4209936765 0.0819992281655 993
21.9694798041 0.1089093716 0.083062034815 117
21.9694798041 1.0801929456 0.0798413623996 1805
21.9694798041 0.1144276465 0.0830430030551 242
21.9694798041 0.3044368925 0.0823929662855 849
21.9694798041 0.1358452556 0.0829692192512 479
21.9694798041 0.1456415661 0.0829355145801 527
21.9694798041 1.0584531136 0.0799107144236 1775
21.9694798041 0.6735636849 0.0811588065773 1286
21.9694798041 0.9163654281 0.0803669709161 1578
21.9694798041 0.8699230724 0.0805172334433 1514
21.9694798041 0.1076119081 0.0830665108522 74
21.9694798041 0.1165548521 0.0830356689487 281
21.9694798041 0.598712648 0.0814060702227 1201
21.9694798041 0.109323606 0.0830606058755 130
21.9694798041 0.1140353081 0.0830443558875 235
21.9694798041 0.4526838061 0.0818928262017 1031
21.9694798041 0.1113866285 0.0830534900228 178
21.9694798041 0.482770464 0.0817920632282 1078
21.9694798041 2.10822878 0.0766938549662 1994
21.9694798041 0.4853842485 0.0817833211298 1083
21.9694798041 0.1085980661 0.0830631087241 103
21.9694798041 0.9131921661 0.0803772200347 1574
21.9694798041 0.1455076185 0.0829359752486 526
21.9694798041 0.7653239324 0.0808577266796 1387
21.9694798041 0.15635364 0.0828986905109 572
21.9694798041 0.1156720801 0.0830387123825 261
21.9694798041 0.1133376776 0.0830467615145 222
21.9694798041 0.8307378029 0.0806444536775 1465
21.9694798041 0.1816234161 0.0828119519744 648
21.9694798041 0.3997435724 0.082070731968 972
21.9694798041 0.3462067789 0.0822514302927 905
21.9694798041 0.8976372841 0.0804274976028 1550
21.9694798041 1.165986902 0.0795688428381 1939
21.9694798041 0.2984149256 0.0824134117226 840
21.9694798041 0.8206634516 0.0806772264029 1451
21.9694798041 1.0293363869 0.0800037883682 1735
21.9694798041 0.7298352664 0.0809739053205 1345
21.9694798041 0.1317169949 0.0829834309341 451
21.9694798041 0.9440974284 0.0802775121909 1613
21.9694798041 0.1887297264 0.0827875922458 657
21.9694798041 0.1096886764 0.0830593465725 140
21.9694798041 0.6277497961 0.0813099699644 1233
21.9694798041 0.1186241396 0.0830285357733 313
took 1680.0 minutes and 13.1250610352 seconds