21.9694798041 1.1304394369 0.0796815312749 7
21.9694798041 1.2093977749 0.0794316582908 9
21.9694798041 0.7033906869 0.0810606937985 2
21.9694798041 1.0313727585 0.0799972718927 4
21.9694798041 1.3310353224 0.079049773888 11
21.9694798041 1.083386708 0.0798311841495 6
21.9694798041 1.1794907701 0.0795261179419 8
21.9694798041 1.2766808336 0.0792199665011 10
21.9694798041 0.6680705241 0.0811769016545 0
21.9694798041 1.0548367984 0.0799222624845 5
took 0.0 minutes and 34.7710959911 seconds