21.9694798041 0.896433882 0.080431389944 7
21.9694798041 1.2692933249 0.0792431545613 11
21.9694798041 1.7009143569 0.0779107631716 14
21.9694798041 0.5347373224 0.0816186042458 0
21.9694798041 0.7464829385 0.0809193645754 2
21.9694798041 0.8295952301 0.0806481692257 5
21.9694798041 1.2116049985 0.0794246957857 10
21.9694798041 1.6604434136 0.0780337882019 12
21.9694798041 0.8490969596 0.0805847981954 6
21.9694798041 0.5555348361 0.0815493906667 0
took 0.0 minutes and 34.7417759895 seconds