0.1810447016 1.1114903336 0.60743469048 0
0.0343751461 3.166441918 0.384554960375 16
0.0635324921 3.0222321025 0.393254536815 8
0.0470669041 2.9013404436 0.404170445048 0
0.2015588709 1.7316088356 0.508495988283 33
0.1846855481 1.6251374805 0.52495876711 19
0.0210052796 3.0590877644 0.393693576609 0
0.1874170864 1.8853087404 0.491071602915 28
0.1778360144 1.964739838 0.482791401114 10
0.2479415601 2.1008199389 0.459901054693 51
0.0034472621 3.2206555065 0.382840860639 0
0.0354492456 3.1555273401 0.385283957071 17
0.0201773261 3.2467905224 0.379725120321 7
0.1869383836 1.5475756424 0.535544915905 21
0.0446418085 3.0485134404 0.392683886954 6
0.0307614301 3.0982773764 0.389936609071 1
0.1026694945 2.8438120404 0.404327800658 3
0.0193724896 3.2420502569 0.380125319018 6
0.0182423769 3.3120199016 0.375216057954 12
0.0089202316 3.2621918636 0.379426573345 3
0.023562344 3.216608808 0.381666923081 5
0.1734540676 1.2216905169 0.589076532743 1
0.0683402236 2.9735820584 0.396674103276 4
0.0519901276 2.8805160941 0.405473386166 0
0.0141431281 3.2181741089 0.382239820219 0
0.0854177601 2.846144678 0.405550984116 0
0.1330057684 2.4664085669 0.434837971576 0
0.0622580901 3.0292681149 0.392809526942 8
0.1970077725 1.9338820236 0.484157190997 39
0.201862026 1.2006738205 0.587796893325 8
0.088005574 2.8724226065 0.403191000298 1
0.0310718136 2.9661854216 0.400219541614 0
0.1801847856 1.3777537324 0.562123260389 8
0.1966336921 1.4286118304 0.551686771996 21
0.1679585996 2.2745568649 0.450195394024 4
0.1660724324 1.1704538321 0.599425822383 0
0.033317876 3.0841113396 0.390821233815 4
0.020192652 3.1635419344 0.385822222698 0
0.0099542804 3.2667684996 0.379023132991 4
0.001451382 3.3372034604 0.374626204361 0
0.1739263124 2.3114653849 0.445891938758 7
0.0333607801 3.0562226529 0.392959468359 2
0.0455784944 3.047732344 0.392671891321 6
0.0444611309 3.1209874509 0.387188057015 16
0.0309047024 3.151395166 0.385929037452 3
0.0941756301 2.6654538825 0.420200772918 0
0.1823621044 1.8033499565 0.501792394794 18
0.0174565596 3.2308929641 0.381072181067 2
0.0570030589 3.0563763264 0.391130766817 13
0.0653923384 3.0119167276 0.393909445732 7
0.0104905689 3.2811482204 0.377954747033 5
0.0316656205 2.9807130029 0.399012155758 0
0.1843141876 1.788621114 0.503406133796 20
0.0204769089 3.2804670444 0.377291293328 14
0.0270114181 3.2115958221 0.381780864321 8
0.025206898 3.2679539424 0.377846065953 22
0.0348581941 3.1445737616 0.386142730922 15
0.1858906041 1.2629077521 0.579912129802 10
0.0178648689 3.2059962904 0.382858567449 0
0.051713916 3.044092386 0.392479596254 7
0.1609024281 2.3477752781 0.443589036593 1
0.14079756 2.4166605244 0.438841117781 0
0.1603380109 2.2498125021 0.45349926133 0
0.0428405445 2.9472021581 0.400798173322 0
0.1622203001 1.2756950009 0.581747898041 0
0.1573580964 2.6662608729 0.414626448053 4
0.0014625109 3.3208704309 0.375775063655 0
0.0474363161 2.8919900201 0.404905319742 0
0.2257051764 1.7781911896 0.499513428215 35
0.1258760276 2.5902176576 0.424079785836 0
0.1142428349 2.7559312685 0.410662936794 2
0.0164221856 3.2796419996 0.377638927713 7
0.023713086 3.1594045149 0.385868150021 0
0.0306093644 3.1293510156 0.387599875331 1
0.0354460761 3.2044636344 0.381685966075 26
0.0286625649 3.1754822876 0.384309056855 3
0.0186997844 3.1970697289 0.383452526976 0
0.1878368564 1.8538540016 0.494842398953 28
0.0156323385 3.313213526 0.375315790859 9
0.0224465249 3.2626230161 0.378424538123 14
0.1792594869 2.1675596664 0.460106558259 11
0.03481361 3.1430021761 0.386263258992 14
0.0622265336 2.9906184469 0.395816615732 3
0.1804249265 1.9573768045 0.48334843717 11
0.0101796689 3.16483538 0.38647230609 0
0.0436979344 3.0437958165 0.393120876 3
0.1636017081 1.250979528 0.585723361581 0
0.2339923705 1.9779517509 0.474840107645 49
0.0628330656 3.009945836 0.394261220289 5
0.0457407545 2.9524720236 0.400143028877 0
0.1748281361 1.933981208 0.486759017639 6
0.1813705229 1.3164926864 0.571777648332 8
0.1840112961 1.7783084085 0.504754827754 19
0.0881645856 2.8956220701 0.401301287187 2
0.1912904889 1.8512320041 0.494740599085 29
0.0229539045 3.27595087 0.377436486427 18
0.0812042481 2.780284558 0.411396607042 0
0.005753912 3.3620489864 0.372591922218 2
0.0988020741 2.6193870501 0.423891443805 0
0.1054667296 2.8324851469 0.405026223426 3
took 9.0 minutes and 31.7368888855 seconds