0.0139972404 3.1247163209 0.389202467922 3
0.0372080885 2.9716799816 0.399290216114 4
0.0498876065 3.0305338161 0.393668129794 76
0.0872640841 2.8719485065 0.403289829476 119
0.0771096061 2.9189705729 0.400313831713 106
0.0139467041 3.3250373865 0.37460310165 199
0.0073451029 3.213917094 0.383049141104 9
0.1636572604 1.3924973669 0.562405240944 201
0.1603245729 1.2438077669 0.587521224312 112
0.0984154 2.5411632224 0.431073630339 0
0.1615434036 1.3268783685 0.573325168417 163
0.0498958956 2.9870505461 0.397065965094 42
0.1638920781 1.7573576161 0.510041480643 219
0.0043547716 3.2365430401 0.38161400429 1
0.001737538 3.3322121504 0.374956667542 21
0.0467063784 3.0676947861 0.391052624867 99
0.1232016156 2.373926096 0.444728308436 0
0.0640145129 2.8157354449 0.409857065894 8
0.0219508449 3.0995574116 0.390509963049 9
0.1645351444 1.7892304164 0.505846886783 268
0.1197411449 2.4571902025 0.436974000306 7
0.0578791336 2.9677407296 0.397960859444 51
0.0727470909 2.7351236609 0.415984560161 1
0.1553280561 2.0106442196 0.480080007173 37
0.0885427836 2.8772060156 0.402758995848 132
0.0740330845 2.9126774096 0.401065993778 85
0.0131464149 3.111869978 0.390242654203 1
0.1617691356 1.3376923185 0.571516510821 170
0.163133098 1.4054385009 0.560448331937 200
0.0873114304 2.6064255309 0.426099718943 0
0.021861664 3.1646059944 0.385618909001 55
0.1495298289 0.9877381241 0.637497347999 2
0.0248280785 3.0001647124 0.398010521253 0
0.0895100925 2.8173983444 0.407588612202 77
0.1310295184 2.4360204024 0.437919452312 17
0.0233681845 2.9902434584 0.398914024949 0
0.0126374225 3.3410896001 0.373571530927 210
0.0546878685 3.0192461996 0.394171460085 92
0.0101319281 3.3772373469 0.371238706298 205
0.0446018349 3.07999711 0.39027444323 89
0.0739768216 2.9331095105 0.399433895753 105
0.0826534525 2.7457493776 0.414215646535 20
0.0089100421 3.1646059944 0.386584285405 4
0.0878698744 2.8989427216 0.4010577822 149
0.1608340529 1.3029723945 0.577399468005 142
0.1650494556 1.6437984509 0.525093164415 266
0.0002850121 3.3745750116 0.372102713593 1
0.1564673104 1.1597281716 0.603100755325 56
0.1495484769 0.9891515441 0.637206482499 3
0.1542833036 1.0966636569 0.615205361484 27
0.0073553005 3.2341686464 0.381568417937 14
0.1188433009 2.5534225216 0.4280578366 26
0.1207402804 2.763225106 0.409503311708 180
0.1229979165 2.4339132876 0.438893783623 5
0.0824206509 2.6530405736 0.42234534403 0
0.0261563805 3.1653480509 0.385244783362 84
0.0831688636 2.8393247744 0.406298138115 73
0.0103304661 3.2156639356 0.382702285205 30
0.1084381676 2.5137739781 0.432693250971 3
0.1581513789 1.949142416 0.486938626714 83
0.0013067996 3.2711345896 0.37933091188 0
0.0193905701 3.0947471696 0.391072767648 4
0.1103339276 2.7234635165 0.413753373642 81
0.0119870156 3.1638251429 0.386412786777 17
0.0919213389 2.8758236829 0.402597152475 152
0.0724816665 2.8300930045 0.407948911381 25
0.0144993489 3.3126890169 0.375432566425 189
0.0092489369 3.3317015124 0.374465185361 125
0.1523765565 2.0738284976 0.473237804223 16
0.0039551545 3.344014458 0.37397370309 60
0.1236166381 2.6440010589 0.419496722914 73
0.0075694521 3.3050966061 0.37645882088 66
0.1643343824 1.4924165744 0.546933609542 229
0.1098667436 2.4689952944 0.436789748938 0
0.0215157404 3.1598872721 0.38599583842 47
0.0509483024 3.0544336884 0.391743458884 111
0.148051304 2.1412053429 0.46628126145 4
0.0419332009 3.03615914 0.393848686817 45
0.1633181676 1.791411512 0.505723566978 205
0.0911777324 2.8249296321 0.40682594006 92
0.0241583484 3.2085720149 0.382209642222 134
0.0962721061 2.8644612149 0.403166199548 172
0.0042919529 3.3142277489 0.376044484582 39
0.1646441756 1.6884572845 0.519062376299 237
0.1214344529 2.5399777969 0.429054520995 27
0.0089093509 3.3042684701 0.376422560543 78
0.1300823984 2.5995008689 0.422870237602 68
0.1554827756 1.1312303124 0.608510675088 38
0.0309318041 2.9733074969 0.399661143223 1
0.0102255605 3.1311766856 0.388998935362 2
0.1280410724 2.6299150629 0.420348557895 75
0.0121200921 3.2703802349 0.378608589909 92
0.0571240644 2.8956919076 0.403810682914 7
0.0149011649 3.3320516921 0.374044816457 249
0.0025190444 3.4630790996 0.365925182808 54
0.1108570501 2.6888789169 0.416689587459 52
0.0329703536 3.110814822 0.388818726234 53
0.0094701961 3.1540217536 0.387334776443 4
0.0215549364 3.0453901145 0.394715154775 1
0.165066302 1.5667485265 0.535932272075 257
0.009289462 3.3476840424 0.373345135711 152
0.1665405241 1.9244444501 0.488879820535 401
0.1593485341 1.2474219425 0.587066259303 107
0.1119827096 2.4691979076 0.436568685481 0
0.0539309404 3.0129837569 0.394717519335 80
0.0323731785 3.111869978 0.38878411054 50
0.1625499536 1.377274064 0.564999838991 189
0.0283338725 2.9544240104 0.401384142477 0
0.01511572 3.3168508381 0.375096126018 209
0.1655719389 1.51110761 0.543969082266 244
0.0003782504 3.4219961204 0.368842109237 8
0.0374188669 3.0611036861 0.39227050174 36
0.0404376289 3.0330421509 0.394206754891 34
0.1643684141 1.7251438025 0.514203295587 231
0.1539556809 2.0616548276 0.474427131246 28
0.0337252825 3.0005927756 0.397273270564 3
0.1221855436 2.77831287 0.408121752361 207
0.1456639541 2.3107980444 0.448786503884 31
0.0926300001 2.5759544244 0.428395380301 0
0.1130454889 2.7390007941 0.412197222233 111
0.1391681925 2.5527211201 0.42626751544 85
0.0035084064 3.2105333496 0.38357959019 0
0.0781761821 2.8022276144 0.409802156419 31
0.088606012 2.7068276589 0.417063426846 15
0.1649292761 1.5572072661 0.537325801277 249
0.0958999084 2.5571421905 0.429826328129 0
0.0334585385 3.10071212 0.389546848562 45
0.0121337341 3.3228960121 0.374880758898 160
0.0138609144 3.2303452121 0.38137326256 72
0.0914407856 2.8266642441 0.406660693076 96
0.1463802776 2.1490950776 0.465606209934 1
0.167199996 1.518555174 0.542629639722 250
0.0320048416 3.1549575264 0.38558213037 98
0.057926198 3.0004405109 0.395384541117 84
0.0134371756 3.4664239136 0.364972755229 326
0.0234245356 3.0917256489 0.390995362377 10
0.1295542676 2.3903471801 0.44248752393 4
0.0143813745 3.2275002929 0.381542378654 75
0.0116197556 3.1091500929 0.390566274051 0
0.0417808141 3.0919334585 0.389581479179 89
0.1193002156 2.7465182481 0.411030541916 151
0.0146787169 3.3158913549 0.375194392544 200
0.1621597589 1.3510016585 0.569287818685 178
0.1117497089 2.5504720901 0.428980019876 9
0.0756300264 2.673130112 0.421162564903 0
0.0744937576 2.9315633045 0.39951602133 108
0.1644051104 1.7078934389 0.516489101896 230
0.057432846 2.781790346 0.413289472432 0
0.1649480436 1.5387768696 0.539996907673 247
0.0597062956 2.9836797956 0.396558971261 74
0.1012004924 2.6016784661 0.425271417285 4
0.1546394864 2.0379867444 0.477027974807 34
0.1130753725 2.4989417061 0.43364973848 4
0.0084222969 3.1507425441 0.387659642915 1
0.1662704676 1.5696832781 0.535338533648 271
0.1273866664 2.5877849576 0.424162715482 60
0.0003287269 3.388351214 0.371148411473 4
0.0177783116 3.1274872196 0.388706858348 14
0.112106026 2.7564778145 0.41079707478 123
0.1126230465 2.8119517584 0.40612643309 196
0.1233830356 2.3946384264 0.442671646609 2
0.0749175256 2.8931197236 0.402573471107 70
0.1054329396 2.5854193909 0.426361748162 7
0.0245207621 3.0201617624 0.396457059545 1
0.0094504985 3.3261585044 0.374840060228 122
0.0791778909 2.9258854105 0.399595345665 131
0.0111226441 3.3677831189 0.37182283686 207
0.0025216364 3.3258681209 0.375347917682 24
0.01258975 3.2921182524 0.377023579638 127
0.0158249245 3.2119396324 0.382572699714 76
0.0003976661 3.4372473841 0.367806280391 9
0.1565585629 2.021917314 0.478643423804 62
0.0201763816 3.2030047949 0.382908410108 90
0.012911038 3.2747487369 0.378239161584 111
0.1623730525 1.832082852 0.500693973802 187
0.0014477836 3.2658010685 0.379704862284 0
0.0822399581 2.9165282441 0.400098568107 142
0.1555875004 1.1175743089 0.611029981566 37
0.0640458424 2.9691449769 0.39736224431 83
0.1114188465 2.8126649329 0.406166931677 184
0.0392865925 2.8876840001 0.405928950135 0
0.1512227681 1.010800112 0.632506492153 6
0.0183650144 3.1631562569 0.385987028767 41
0.1162196561 2.5783815584 0.426021276061 23
0.1676222825 1.5775840209 0.534015976152 281
0.0025273261 3.2356643896 0.381811149448 0
0.164978088 1.6464134121 0.524742735021 263
0.0084297025 3.2196363984 0.382550633714 17
0.1097502725 2.8209691185 0.405620324623 191
0.1090949396 2.7987232945 0.4075130546 153
0.0226219649 3.1681219129 0.385301229859 69
0.0541264076 2.9983922329 0.395842181357 63
0.1220829109 2.5759544244 0.42570968625 39
0.0991825329 2.7590663741 0.411670961757 67
0.0680097329 2.8538627596 0.406349413368 24
0.0668863261 2.9581471261 0.398007300653 88
0.0735375549 2.7360903949 0.415832580165 3
0.1647433864 1.6748135584 0.520893433475 242
0.2251935549 2.2972433829 0.442239444686 504
0.169546932 2.1146528324 0.466831639509 452
0.0144034365 3.1171056116 0.389748898668 3
0.006050014 3.3058549544 0.376512759904 46
0.0947793421 2.8518651476 0.404314481092 146
0.0134926276 3.3505366616 0.372854041649 252
0.0730120344 2.8915143081 0.402858170553 57
0.1036154224 2.8021082236 0.407687049724 131
0.0136105136 3.1905863656 0.384305214892 42
0.1623745864 1.8901651409 0.493517678933 202
0.1150922425 2.4341144564 0.439637091118 0
0.1332211216 2.6469113396 0.418398447372 108
0.1192231529 2.45602453 0.437134804193 6
0.0157614176 3.2631435464 0.378866453107 141
0.0104706124 3.1517506904 0.387430116356 7
0.114486732 2.7104451044 0.414513627926 95
0.112981484 2.6137763169 0.423123012484 20
0.1523235856 2.0653524461 0.474194789967 15
0.0118169696 3.3521038564 0.372861581086 210
0.0074064704 3.3752102561 0.371566489242 135
0.1173973724 2.4420888785 0.438645910952 3
0.0919342705 2.8553883396 0.404259062451 135
0.1653063869 1.5336169764 0.540697874372 251
0.1567013816 1.1619338545 0.602657375009 57
0.0831741816 2.9061335036 0.400857218314 137
0.0725777624 2.8967381489 0.402469884326 58
0.0491178869 2.9474755116 0.400272713926 16
0.1511942716 1.0253672169 0.629611612192 6
0.068241228 2.9534479361 0.398272361081 96
0.0030838321 3.2648489981 0.379655562147 9
0.0185435521 3.1972269036 0.383452457693 76
0.0054087616 3.2078441796 0.383637629434 1
0.1649744364 1.465468366 0.550896986637 228
0.0789439364 2.7183345821 0.416903040398 6
0.1548247565 1.0996972901 0.614529559598 30
0.0140586569 3.2646160161 0.378882981789 116
0.0121894069 3.1795570364 0.385226825278 28
0.1669322096 1.8949484684 0.492382755316 393
0.0059279644 3.2062813929 0.383714441017 1
0.0190100464 3.2629106256 0.378650139636 180
0.0584578129 2.8509061661 0.407384746488 7
0.1651826384 1.7322374661 0.51315997413 310
0.1248517961 2.662269804 0.417787590764 94
0.1245621321 2.398177072 0.442209888686 3
0.1588984184 1.2015670696 0.595155643509 84
0.0105208589 3.1091500929 0.390650105999 0
0.0010449349 3.3288415585 0.375242512665 4
0.0017924636 3.3627385796 0.372819167956 30
0.1610630856 1.3130188445 0.575691661924 148
0.0673437056 2.9564716985 0.398103799429 89
0.158183812 1.1858025305 0.598088567104 75
0.0580638744 3.0173295716 0.394058120081 112
0.1531773816 2.4416385744 0.435273146771 105
0.0143621841 3.4669959009 0.364873078713 352
0.1638560344 1.4469103429 0.553899031677 214
0.1143270836 2.6708062484 0.417961185454 56
0.1003983781 2.7036453281 0.416315945964 34
0.1591145364 1.9287603065 0.489251769406 105
0.0021467081 3.248100874 0.380934416659 0
0.1070195764 2.4898661461 0.435077163265 0
0.1597759325 1.9115910404 0.491235502305 114
0.0093621124 3.2275740236 0.38190269044 26
0.1645826845 1.5145776101 0.543602300486 234
0.0374572956 2.9279231864 0.402788871316 0
0.1172058576 2.4958108781 0.433555765042 11
0.1612524885 1.3143396864 0.575441507333 152
0.1644734464 1.7127779256 0.515829335813 233
0.1659097676 1.5492965376 0.538328113085 261
0.0004575716 3.3201103624 0.375899720633 0
0.15872597 1.2236355421 0.591302849457 94
0.1346512929 2.2892648064 0.452088139808 2
0.0280732576 3.0982773764 0.390141085304 24
0.0289812989 2.9599782801 0.40088518825 0
0.0377988976 3.1252550429 0.387367636102 102
0.1423535385 2.4103128189 0.439303002459 36
0.1281728436 2.6727260816 0.416588649576 115
0.0144497616 3.3103021721 0.375604352072 181
0.0263186581 3.1918120049 0.383279018707 122
0.0530464381 2.9918050604 0.396443780475 52
0.1619053444 1.3485403764 0.569728222302 175
0.1365101601 2.30004356 0.450800356804 6
0.02848123 3.1655044436 0.385060746349 94
0.1585100984 1.2195804945 0.592050433521 91
0.0048205541 3.3494114421 0.373536298281 77
0.0093499865 3.2461129224 0.380556391448 41
0.032951834 3.0597308241 0.392720327236 21
0.0393059309 2.9578732776 0.400225790702 4
0.0417098956 3.0930867461 0.389499358895 90
0.0084295065 3.3289164384 0.374718075359 109
0.0124625496 3.2169977301 0.382448645372 55
0.1504018181 1.00774802 0.633282175491 5
0.0143501044 3.2056527981 0.383141549412 56
0.0575417336 2.7765703304 0.413726445213 0
0.1096028184 2.6818950956 0.417406004531 48
0.0013666341 3.2756626865 0.379001115683 0
0.0032636476 3.2513264489 0.380619603674 5
0.1658042336 1.4674920665 0.550464326277 230
0.1583881484 1.2121850121 0.59337089117 85
0.1198086556 2.4005915816 0.442438699021 0
0.1330977645 2.6878036301 0.414860175784 147
0.0494469681 2.8625943701 0.407162697196 1
0.1497277276 0.9930198816 0.636385815439 4
0.0118902989 3.26994857 0.378656004025 85
0.1648065424 1.532387272 0.540950813076 240
0.1599935296 1.2484670721 0.586775155624 111
0.1196631356 2.7008709909 0.414891783258 107
0.0090364076 3.3441448836 0.37360961477 137
0.1308221604 2.3176191741 0.449595678488 1
0.1544993781 1.1050768641 0.613576689542 31
0.1650733044 1.6415965496 0.525393605621 270
0.0791514241 2.8933247241 0.402214096235 91
0.0668038361 2.9284865284 0.400377126065 55
0.1635396836 1.7769326209 0.507553370624 209
0.1373487816 2.344715264 0.446222985583 16
0.0102205325 3.2798011909 0.378070281102 77
0.1173833796 2.6492555784 0.419582858619 50
0.0011830621 3.2762238224 0.378974000635 0
0.0744497204 2.713748924 0.417693614767 0
0.0580575925 2.8965885424 0.403661522043 13
0.1585864209 1.2204472949 0.591885186185 92
0.1376654481 2.6170070796 0.420638853328 107
0.0959780325 2.7789257101 0.410264510973 71
0.0120726561 3.2517174644 0.379954358782 76
0.1609953221 1.309357752 0.576310236248 146
0.0537915641 3.0139129904 0.394655998291 78
0.0312394961 3.1159329881 0.388562848076 50
0.1610261281 1.310391168 0.576133558546 147
0.103977536 2.80909942 0.407076872174 143
0.0825771241 2.6405710809 0.423446377965 0
0.1589943741 1.219068162 0.592055350849 96
0.0954714516 2.5596354201 0.429635678648 0
0.09830085 2.6713937805 0.419314055707 17
0.1195671316 2.6667176809 0.417860632693 74
0.0159429701 3.1526861264 0.386949800935 28
0.0147717284 3.2181741089 0.382193904195 74
0.1046497509 2.5033555365 0.434027279758 0
0.1602160709 1.8990001104 0.492705958656 127
9.54316e-05 3.418981356 0.369066554764 0
0.1583209889 1.2096695621 0.59382589402 84
0.1649469341 1.599224246 0.531325464308 258
0.1460132456 2.2159131185 0.458513013072 10
0.0939043724 2.8104656241 0.407799574956 91
0.0802542025 2.6477193225 0.42301421305 0
0.1633456501 1.7834169356 0.506744440937 206
0.0560889461 2.7818587969 0.413398429715 0
0.0932969904 2.8784395436 0.402273931115 169
0.0131425609 3.3276451221 0.374476597594 197
0.1663797856 1.4496118864 0.553098618973 224
0.0852687901 2.8414382136 0.405950668164 86
0.0166512709 3.2796419996 0.37762259336 177
0.1314098861 2.5767515049 0.424794274008 69
0.0975266305 2.8604962489 0.403386601605 171
0.0203810689 3.2240252601 0.381358703833 121
0.1078308169 2.8201351176 0.405846961319 176
0.0146311296 3.1148478804 0.389903145349 4
0.0742785721 2.7959969329 0.410654386584 20
0.0794421656 2.8426920061 0.406327810302 60
0.0511575496 2.8322960436 0.409546228265 0
0.0113214124 3.0982773764 0.391420164805 0
0.0121406329 3.2169977301 0.382472189711 49
0.0994710989 2.6409320421 0.42190504489 8
0.0210605449 3.2201534885 0.381590980115 124
0.0714491761 2.8300381301 0.408039412337 24
0.1627168401 1.3860317761 0.563578944665 193
0.1099740384 2.6459382056 0.420529206047 26
0.0839545621 2.6661173416 0.42104625794 4
0.0265983041 3.1521356721 0.386194774474 67
0.0183806076 3.1953820756 0.38360012174 70
0.0466562884 3.058305314 0.39177571856 86
0.1353112596 2.2819794304 0.452766218109 2
0.0772561136 2.7929372049 0.410661316544 24
0.0219838709 3.1075581569 0.389898355284 13
0.1617626209 1.3351416241 0.571934448265 168
0.1593651525 1.9226253269 0.489957046714 108
0.0801114041 2.7108519756 0.417452575086 7
0.156771848 1.1652018644 0.602051723809 60
0.0163654076 3.1871608685 0.384354742127 51
0.1039416009 2.6072898056 0.424517462089 7
0.0790569964 2.9323293709 0.399091160293 141
0.1322172089 2.3063156281 0.450599347453 0
0.0901498504 2.89423532 0.401253099756 156
0.0254104644 3.1070650329 0.389675508641 28
0.0669101481 2.8976349461 0.402856648908 37
0.1121506556 2.6653868784 0.418625701162 41
0.1154700689 2.4319314409 0.439811614543 0
0.0652314064 2.99002049 0.395628158792 117
0.1253146396 2.7690079425 0.408636735003 214
0.143820964 0.8829740576 0.660764929811 0
0.1537826269 1.0867827336 0.617176257075 24
0.0477173209 3.0423740236 0.39292025715 77
0.0161148816 3.2648489981 0.378718742555 152
0.0124207576 3.1431286205 0.387931499307 7
0.1650904301 1.6290929876 0.527122645329 271
0.1638031376 1.4557307984 0.552557327922 215
0.1405493161 2.2666669256 0.453801195656 8
0.1593994676 2.3763283696 0.44094356447 204
0.0680332256 2.7790722464 0.412617388162 5
0.103768048 2.6586932696 0.419950917524 21
0.0411568796 2.9067463721 0.404211622229 1
0.0350185789 2.9568445636 0.400652009662 0
0.0255068476 3.1794838561 0.384246603664 99
0.1573820544 1.1756222985 0.600059222323 67
0.1572263949 1.1632859841 0.602316682404 60
0.0898875936 2.6508685769 0.421873626922 3
0.1426095884 2.2648740089 0.453773668318 10
0.098033172 2.8637553104 0.403080463243 180
0.1567769449 1.1632090605 0.602412177867 59
0.1594717501 1.9454931324 0.487214886667 115
0.0708710824 2.6999377436 0.419216127274 0
0.1591435825 1.9292479001 0.489189943896 106
0.0114570409 3.2093583684 0.383081921731 36
0.0002308224 3.3384766009 0.374622514669 0
0.0320285509 3.1212687484 0.388101031988 57
0.0696330165 2.752669954 0.41473959895 1
0.1143570449 2.666211428 0.418360287346 54
0.0619083569 2.8078389464 0.410698928596 4
0.0164592949 3.2352894884 0.380825527367 111
0.0729378676 2.9130331284 0.401125478188 75
0.0949011884 2.8678575765 0.403001655882 165
0.0422230045 2.9058481665 0.404197904776 1
0.1646984156 1.6861723701 0.51936305093 242
0.0030283329 3.2274161049 0.382376684005 0
0.0955297116 2.6894956249 0.417970618618 21
0.1632898161 1.4188052484 0.558332474149 204
0.0941827664 2.6400758929 0.422452625412 2
0.0137610849 3.3491754621 0.37293001371 253
0.0548876609 3.0374551765 0.392746534132 122
0.1549538869 2.0458685701 0.476097245354 38
0.0846710841 2.8406983081 0.406060914572 82
0.0930270896 2.8520829044 0.40443994217 134
0.1607183044 1.133926024 0.607045799378 49
0.007004806 3.3329736029 0.374533349548 92
0.0868964929 2.6105828684 0.425760252717 0
0.1444480505 2.6652704396 0.415824752346 173
0.1614665109 1.8672881076 0.496431326648 164
0.0666058584 2.8845606389 0.403945211919 30
0.0467040064 2.9545751029 0.399897697427 15
0.0151190336 3.2586241141 0.37923727872 120
0.0061263349 3.2821770165 0.378193130595 34
0.0140284909 3.2176425436 0.382287033495 67
0.163889102 1.8405651556 0.499443837123 240
0.0189592701 3.2428013376 0.380100910914 140
0.0731216209 2.8813036056 0.403679520543 53
0.0735315709 2.8514758265 0.406090760606 40
0.1303952969 2.3155142801 0.449851704215 0
0.0690845489 2.7498980645 0.415025361253 0
0.1621128964 1.352916294 0.568985317522 177
0.1320855976 2.7168959824 0.412457743343 185
0.0009974685 3.2845194161 0.378392509884 0
0.0015115976 3.2638229216 0.379842912679 0
0.0413999201 3.0740521276 0.390972289712 71
0.2078599156 2.071584368 0.467350400533 446
0.0828281809 2.8533901936 0.405168460604 84
0.1654966881 1.5653784836 0.536067251773 261
0.1639188989 1.4614941576 0.551661277993 220
0.1320774384 2.601023074 0.42255599575 79
0.0163492641 3.3000992536 0.376190984139 203
0.1643050216 1.7120237404 0.515952109018 229
0.1120425804 2.7725203205 0.409453218349 138
0.1434581949 2.1867488684 0.461871677443 0
0.1532480361 1.0741378065 0.619696589605 20
0.1605264504 1.241161768 0.587943359765 111
0.1130753496 2.7947812001 0.407509873149 176
0.107372196 2.8004498429 0.407512738675 149
0.0446997721 3.0004405109 0.39642108798 27
0.0119750529 3.2446446321 0.380472645892 63
0.0810900036 2.9031356004 0.401265945585 113
0.1588286185 1.1931172141 0.596668353214 80
0.1646740101 1.5158983296 0.54339374842 237
0.1650411484 1.6018141821 0.530946857398 264
0.12157924 2.7251254229 0.412651510481 140
0.1257342744 2.7093655136 0.413641928335 149
0.1617290865 1.3349482224 0.571971567096 167
0.0496738516 2.9102516336 0.403231864262 9
0.047836852 3.0486669201 0.392425884378 86
0.0977576209 2.8316122185 0.405731374427 129
0.0102450981 3.3852757985 0.370677834138 216
0.0070620945 3.3283311785 0.374855216413 89
0.0069770929 3.3238718624 0.375174764239 82
0.0067335769 3.2475815449 0.380639522685 20
0.0383168325 2.8874277441 0.4060299857 0
0.0297324365 3.0735616696 0.391903730888 19
0.0019506304 3.3443056325 0.374093552881 32
0.158111478 1.1336628836 0.607575058403 48
0.0113914736 3.3493363324 0.373083669304 191
0.164815486 1.5485520496 0.538594680119 242
0.0919606436 2.8466308529 0.404973766593 123
0.1385284936 2.3158190301 0.448999542438 15
0.1123268421 2.6929844316 0.416206128195 65
0.0143821705 3.2241287229 0.381787886042 73
0.0205450109 3.2010457616 0.383025037223 89
0.1444333569 2.1952097281 0.460867394121 3
0.0227431401 3.1744408116 0.38482378507 74
0.1565518996 1.9874189184 0.482628881292 57
0.0029843344 3.4652390601 0.365749505042 62
0.1213681821 2.4965692641 0.433093783383 19
0.0057838404 3.2438786436 0.380976873484 9
0.1018037681 2.5205355024 0.432681350926 0
0.0082098576 3.2185333805 0.382647455383 14
0.0581463865 2.9978222069 0.395572077447 80
0.1652626105 1.704011654 0.516892797791 294
0.1666920104 1.6138851861 0.529019749114 290
0.0175115324 3.0860490584 0.391883267459 3
0.0987065505 2.5516599616 0.430073628562 0
0.1004067776 2.5300380116 0.431923949221 0
0.0065517901 3.2449314476 0.380844784125 18
0.1627768281 1.3818379889 0.564236201465 194
0.1607303449 1.2932362689 0.579044392615 139
0.1497896116 2.3780925969 0.441707603666 58
0.164886522 1.5331992116 0.540820344382 243
0.1516415401 2.0745198096 0.473242698162 11
0.1645099596 1.7146279709 0.515578470225 235
0.1295038104 2.3413508001 0.447341766673 0
0.0797157929 2.7043810149 0.418051741081 4
0.1061426596 2.6742695741 0.418373960702 33
0.1183148889 2.7516094889 0.410683995242 153
0.1368431084 2.256774346 0.455205766264 0
0.1570172896 1.9779517509 0.483679558519 64
0.1634045636 1.784527694 0.506594305449 208
0.0231995825 3.1920964764 0.383487337519 99
0.0559015776 2.9995803876 0.395610154238 70
0.044405676 2.9527496384 0.400227704397 8
0.0230621089 3.0122930725 0.397191444883 0
0.0144164641 3.3261585044 0.374491512954 220
0.0121746861 3.3090937524 0.375850236295 137
0.1621067444 1.3566757361 0.568378412443 177
0.1376789344 2.5258056324 0.428863861636 63
0.1046579169 2.6972599416 0.416500252386 43
0.1624419769 1.3711841076 0.565990841185 186
0.0828448544 2.8462929761 0.405750471741 77
0.1124180476 2.7416992309 0.412021359446 108
0.0354657001 2.9340966441 0.402449926468 0
0.0995276269 2.8037939504 0.407886769911 111
0.1159075044 2.6645267744 0.418372031359 56
0.0015565844 3.3190204704 0.375899076247 10
0.1192346441 2.6263381309 0.421445438691 46
0.0093538241 3.3733147669 0.371562909027 176
0.0002839549 3.4001166129 0.370342898622 1
0.1639510469 1.75324925 0.510568734916 222
0.13684314 2.7167923049 0.412062261928 201
0.1636609269 1.3726723429 0.565557555641 196
0.0333596921 3.1537389841 0.385571997922 109
0.0402840925 3.0845162305 0.390259107467 72
0.053736844 2.9545751029 0.399336147829 31
0.0455642841 3.0596060685 0.391759698867 75
0.0950820569 2.7981360101 0.408728973983 88
0.0846180129 2.770711284 0.411918508035 36
0.1640903861 1.4729490065 0.549897810859 223
0.0977274164 2.6733409344 0.41919332379 17
0.0693951236 2.9449508541 0.398855605276 86
0.0980632344 2.7828842696 0.409756506982 83
0.0981954744 2.8240950464 0.406314903915 123
0.0016159401 3.2938862156 0.377679007806 4
0.0344246049 3.1408036749 0.386456382573 94
0.0039834521 3.3254328096 0.37527562153 42
0.1550515284 1.1008718864 0.614265062535 31
0.0297236616 3.1239939281 0.388069381993 50
0.0127323344 3.2174409925 0.382396504856 57
0.1263969301 2.7109694064 0.413448116366 153
0.0026927584 3.2695864404 0.379342581185 5
0.0087690449 3.2856531856 0.377756044555 64
0.1626281241 1.3529992536 0.568888504136 183
0.0145940049 3.3303287756 0.374186883915 235
0.0528582141 2.9626045241 0.39876679469 35
0.0481014464 3.0605995284 0.391488953819 100
0.1496056116 2.1074042649 0.469813333307 5
0.025047094 3.1857600209 0.383817699619 102
0.0350086156 3.1122525161 0.388556156143 70
0.1130179609 2.8025487669 0.406870684654 187
0.1447572921 2.4958108781 0.430981708844 72
0.1319678201 2.5649462481 0.42581149473 66
0.1517541589 2.3972976789 0.439652057464 78
0.0022677064 3.2399210929 0.381520024664 0
0.1634951004 1.4248588616 0.557358616563 207
0.0231052089 3.1965695529 0.383165636035 103
0.008313226 3.363428244 0.372318737074 143
0.0037678056 3.3230260249 0.375460373283 37
0.0083881224 3.3694403609 0.371897319933 145
0.0069790849 3.1665688336 0.386581903078 0
0.0386072364 3.0881418561 0.390110762964 59
0.1626785369 1.3273116001 0.57306752211 168
0.1190422364 2.5923913636 0.424499243712 33
0.0751397541 2.935972226 0.399113012829 118
0.126057896 2.5499769944 0.42771280516 45
0.1297629596 2.6915525561 0.414824541868 139
0.0755562125 2.9043890261 0.401610841922 80
0.0383626929 3.09382037 0.38969771255 61
0.0215846856 3.0042777761 0.397941649864 0
0.0208743125 3.2365430401 0.380414919696 146
0.2014133424 2.0184730449 0.473946409083 435
0.0634881796 2.936517904 0.399999513313 47
0.0079457844 3.2917248149 0.37738194526 59
0.124507484 2.752205842 0.410112275687 190
0.0112067724 3.3232610821 0.374920245946 142
0.0348004524 3.0776425125 0.391202408268 37
0.1153791749 2.4317303625 0.439839855088 0
0.1469067029 2.295014596 0.4502556136 31
0.1209289381 2.4833968241 0.43437413061 13
0.0329890596 3.1331291316 0.387137871411 80
0.0870132945 2.8007163044 0.409187938803 57
0.0897824676 2.8786583124 0.402540774573 141
0.015514324 3.1998574529 0.383481769959 61
0.1121812296 2.6621757876 0.418904575589 40
0.0881842561 2.8309935956 0.40657200457 83
0.1524645261 2.071987026 0.473434237636 16
0.0134355801 3.3758857244 0.371104242445 291
0.1150981816 2.6555801124 0.419227597576 46
0.1420879881 2.2005880704 0.460545519182 0
0.0417565764 3.0987698024 0.389065214848 99
0.017934494 3.2147338304 0.382214173727 95
0.0505370064 2.8967381489 0.404262940147 5
0.0066758265 3.2986188025 0.376981890707 53
0.1099798764 2.6880918621 0.416834117746 50
0.0184045696 3.2287523344 0.381158794485 117
0.0716622944 2.9098960844 0.401480791335 61
0.1636259609 1.7665480756 0.508883316979 211
0.1018379745 2.8147684281 0.406784647016 135
0.0700842941 2.7234635165 0.417227506436 0
0.0052216496 3.3181752509 0.375699959515 49
0.0649223881 2.9915009816 0.395536499571 114
0.1574053824 1.9696741524 0.484604181513 73
0.0709038545 2.87831854 0.404103885536 42
0.1603742704 1.2793456524 0.581442688616 128
0.0619294909 2.8608630116 0.406273471609 13
0.0645350696 2.9813477724 0.396362750112 99
0.0546178124 2.9478998 0.399798692371 27
0.0157301924 3.2305032024 0.381225890938 97
0.0275764561 3.1674525729 0.384983411803 92
0.1653100745 1.7327213784 0.513079492602 316
0.0137802309 3.340201624 0.373553750125 230
0.0204586281 3.2282345545 0.381047230314 129
0.1174323056 2.442774914 0.43857656104 4
0.1394180645 2.5451279664 0.426935713046 81
0.1238998685 2.5084034609 0.431750655728 29
0.1645717089 1.6940924236 0.518314092993 233
0.0809290321 2.8696605729 0.403992283663 83
0.0871810244 2.6580444644 0.421476282786 4
0.0067476241 3.2648489981 0.379391699201 33
0.1644117436 1.7205371716 0.514807284125 233
0.107760598 2.4832105841 0.435637672438 0
0.1612953896 1.2881138116 0.579809434991 140
0.0368746929 2.9019667049 0.404953275254 0
0.1642605021 1.7825008069 0.506744604858 243
0.0832069521 2.7713601136 0.411983184686 34
0.0047397365 3.3106813945 0.376263695897 37
0.0867822161 2.7902642456 0.410084262208 49
0.0617887216 2.9597188361 0.398286764885 62
0.0128745461 3.3752658884 0.371185574005 278
0.0514910384 3.0564480765 0.391547345223 121
0.006109482 3.2033632185 0.38391601511 1
0.1633917296 1.3465082261 0.569816811089 182
0.0348047589 2.910673234 0.404409847313 0
0.1347190605 2.6195024829 0.420678755027 98
0.0809627104 2.9151881981 0.400308164551 130
0.1555783344 1.1327016916 0.608220706323 40
0.016498994 3.2766163321 0.377849314965 172
0.1305767964 2.6110752824 0.42179391629 76
0.1571057741 2.5345793461 0.426286067534 206
0.1648701509 1.5403057016 0.539785445986 244
0.1598785696 1.262124752 0.584452968639 115
0.074413898 2.7617746749 0.41354880395 8
0.1040418001 2.7534397925 0.411735991557 87
0.01696766 3.2831468696 0.377350336267 185
0.0829295396 2.850757748 0.405376320673 82
0.1656795964 1.5455278469 0.538908166831 257
0.1094042916 2.6902155704 0.41669966737 51
0.1087379656 2.4760591296 0.436224321049 0
0.0957403241 2.8598090276 0.403587949198 162
0.0990208556 2.6959889256 0.417100296196 29
0.11093875 2.8042764945 0.406899779666 175
0.0788014804 2.9002607056 0.401682068889 94
0.0095012024 3.1905863656 0.384608907801 14
0.0002432569 3.4481555705 0.367080322744 0
0.114793256 2.7651638629 0.40983966688 152
0.032159572 3.0163143636 0.39615931973 6
0.0056095656 3.3100124816 0.376249474143 42
0.1566450876 1.1639164801 0.602307760065 58
0.0019032016 3.259520606 0.380125242356 1
0.034236312 3.1218648076 0.387889987727 70
0.0087146664 3.351269852 0.373135406107 142
0.0166439064 3.0549226184 0.394355469897 0
0.1031278009 2.7553751144 0.411649439111 84
0.0219187876 3.1384646696 0.387568097718 30
0.0168038601 3.2856531856 0.377183630676 188
0.0084328776 3.1495785565 0.387746329288 0
0.0619808021 2.9535184676 0.398763890184 57
0.0117963356 3.1521894344 0.387297736492 12
0.1494019005 0.9860779776 0.637860894586 1
0.0393870856 3.070478596 0.391399720584 56
0.0795619849 2.8215729404 0.40806874948 47
0.0038094829 3.3193853276 0.375714222605 36
0.03751983 3.00569064 0.396572780751 13
0.0033386505 3.2912764649 0.377742282755 19
0.0053183584 3.3568183049 0.372985644638 87
0.1649443796 1.4746279089 0.549515119213 230
0.1533896669 1.0755118289 0.619405702714 21
0.0169750321 3.1449583049 0.387451729697 23
0.158450472 1.2161824964 0.592657044108 87
0.1645728841 1.4872147481 0.547676973974 231
0.034624832 3.1080661676 0.388901452597 57
0.1649360681 1.5401456756 0.539799156497 246
0.1557728645 1.1375992744 0.607280293768 45
0.1523584849 2.470729074 0.432611317549 107
0.113828726 2.749170176 0.411268856996 128
0.0095323289 3.1300889269 0.389133731935 0
0.160653766 1.2523551236 0.585993199752 121
0.0819249836 2.708746532 0.417478007726 7
0.1643003044 1.7304606849 0.513510329772 229
0.1616605941 1.855019794 0.497923610234 168
0.0153510704 3.1298608041 0.388710911967 8
0.027399558 2.9631566944 0.400756929458 0
0.0082350069 3.3531991664 0.373034515645 134
0.1502420741 2.2731952829 0.452137068661 43
0.1620293421 1.841454992 0.499564837301 177
0.0981078236 2.6744133244 0.419065717674 18
0.0128437749 3.2002157001 0.38365186693 44
0.0165862004 3.0545873169 0.394386031789 0
0.1466685536 2.1441295904 0.466113746879 1
0.1471260281 2.1390536 0.466616001553 1
0.0446995005 2.981693572 0.397899641184 23
0.0868960161 2.8458760645 0.405451532591 93
0.1385118589 2.3509385485 0.445488827921 20
0.1197958704 2.4000219869 0.442495707381 0
0.1530221029 2.4266962916 0.436708074104 98
0.1592436696 1.2401103229 0.588347081361 105
0.150792694 2.0883492545 0.471793590377 6
0.1194796865 2.6170070796 0.42225389804 44
0.1167882176 2.4859832649 0.43452081156 7
0.1558713696 1.1148547824 0.611485005792 36
0.1034397625 2.7115747741 0.415367385664 53
0.166846864 1.5608701449 0.536521413837 269
0.124051674 2.416460078 0.44047898326 4
0.1550013189 1.1171767801 0.61121367465 34
0.1576541609 1.1902113209 0.597395567675 75
0.0804788184 2.8415863889 0.406333503472 64
0.1380511396 2.507429878 0.43052592238 59
0.0444835276 2.9639268776 0.399328297442 14
0.0835132424 2.8986160925 0.401434781307 127
0.0721182609 2.9191207564 0.400702108849 72
0.1583867424 1.2155681405 0.592776154221 85
0.1088516729 2.6815671416 0.417500030258 45
0.1707242956 1.7712158549 0.507364374811 361
0.1239817409 2.7049856464 0.414167220359 134
0.09022383 2.6967369676 0.41780162499 15
0.0456846744 3.0269856765 0.394269657133 53
0.1652891729 1.4677445621 0.550504109206 230
0.1015953324 2.6578612769 0.420216038128 17
0.0192161845 3.2485462736 0.37966784112 158
0.0549543769 2.9599076716 0.398814559734 37
0.0518758296 3.0401582105 0.392770351543 101
0.0061134481 3.260645832 0.379740157777 22
0.0999072441 2.7410905096 0.413137973153 57
0.1104486985 2.4679173449 0.436837068299 0
0.0939361816 2.6599730124 0.420706395176 10
0.0809253524 2.6431444129 0.423363773052 0
0.1254238629 2.7477234389 0.410412383648 186
0.0783370489 2.8772060156 0.403588461238 75
0.1131684501 2.5992577361 0.424409830727 18
0.0663123816 2.9873543989 0.395752250172 118
0.1640206996 1.7701313076 0.508368765706 229
0.0547497809 3.0256392029 0.393670643405 101
0.1571414169 1.1765061816 0.599943437603 64
0.1623154101 1.3677609869 0.566559976351 183
0.1391963969 2.4226409736 0.43841983779 34
0.0766652805 2.667188282 0.421598174069 0
0.1645124756 1.3103001864 0.57557059748 157
0.1236919524 2.6625828341 0.417861508002 88
0.164917542 1.5860192481 0.533200134238 251
0.0631569009 2.8127845481 0.410177197762 6
0.0049715009 3.3123992224 0.376125740347 43
0.1251757861 2.7728813996 0.408325163258 220
0.1309709244 0.7122539396 0.70342660031 0
2.43649e-05 3.4620275149 0.366162761543 0
0.1630479829 1.8019980769 0.504407759667 200
0.0077362685 3.1413288556 0.388420024179 0
0.1539087784 2.0371760825 0.477203413049 25
0.018069944 3.2445408405 0.380039505466 138
0.0487890744 3.030911322 0.393724008097 69
0.0250005224 2.9793060224 0.399655772902 0
0.129944332 2.500712186 0.431904200242 34
0.098205492 2.5433817029 0.430887090131 0
0.121826636 2.632795352 0.420643324548 57
0.1064207801 2.7507858056 0.411759303359 92
0.0574551681 2.7987510324 0.411844126346 1
0.021014444 3.1167227749 0.389276429445 13
0.1225933396 2.3785962869 0.444326981522 0
0.1537712056 2.2298814905 0.456240523292 59
0.03473487 3.03615914 0.394407770317 18
0.0828640729 2.6405441376 0.423423068867 0
0.0080485969 3.2635352721 0.379392617039 43
0.0117164376 3.2840166816 0.377662536042 97
0.1332174201 2.6468620741 0.418403083553 107
0.1642913409 1.7335019385 0.513110844172 229
0.1090342329 2.4791559756 0.435901719221 0
0.0724926865 2.7573801644 0.414089575801 4
0.0134602409 3.3025527524 0.376221804296 151
0.0973627489 2.7897187044 0.409242207054 84
0.0463170489 3.0692617256 0.390962604265 91
0.1373889729 2.2511216304 0.455735483126 0
0.0728064965 2.8640942216 0.405112461077 44
0.0223657049 3.2207396061 0.381453333734 139
0.0010660884 3.28140661 0.378610570123 0
0.0374762504 3.0545343936 0.392772156193 33
0.0113221256 3.1939986516 0.384222238284 25
0.0090979065 3.1463016584 0.387942772393 0
0.1647361084 1.5551531056 0.537650420468 241
0.2123896076 2.0356017809 0.470810747266 439
0.1303622569 2.5352916609 0.428664456309 45
0.1645130569 1.7117114225 0.515965989748 233
0.11200491 2.6891400164 0.416567304395 56
0.0192111409 3.2283627021 0.38112851002 120
0.0411074941 2.972328308 0.398928016424 10
0.0378637244 3.0114312516 0.39609490226 15
0.0380838704 3.1104323721 0.388461433508 83
0.1029347021 2.8136682549 0.406784932095 136
0.1646001856 1.5279979541 0.541624060982 235
0.0139746904 3.2411016549 0.38058438519 83
0.1000259861 2.8301439464 0.405665530272 142
0.1373668965 2.6402187216 0.418621487896 115
0.0653110944 2.7951943525 0.411479839257 5
0.0122284136 3.1752525164 0.385543585989 26
0.0716499469 2.834961138 0.407613313017 28
0.0411617116 3.0169675404 0.395403102681 28
0.0167506629 3.2360791089 0.380747156654 113
0.1527406076 1.0609389876 0.622339577034 18
0.0646025024 2.7427991916 0.416025147742 0
0.0173498301 3.2452922096 0.380037248384 131
0.1650009305 1.7432094149 0.511743182491 297
0.0868141209 2.90193846 0.400901822162 149
0.1197661045 2.6328482796 0.420821013102 50
0.036088772 3.0713197664 0.39158802061 38
0.1648763156 1.5733093136 0.535018909809 248
0.0003294996 3.3873059089 0.371220368187 3
0.1615348009 1.8642297464 0.496800042949 166
0.1411351661 2.5825917869 0.423394497586 103
0.1634300256 1.4215394109 0.55788481197 206
0.1577769636 1.9813727716 0.483191024232 82
0.1581430545 1.208773306 0.59401534991 82
0.0508318801 2.8960981201 0.40429114621 6
0.0338020069 2.9761189561 0.39920789465 2
0.1540039324 1.0622568044 0.621840131652 19
0.00899323 3.1951858721 0.384306527651 10
0.1605123876 1.2478784409 0.586787167503 115
0.0820568416 2.7936849405 0.410193994961 38
0.1412676704 2.6238126161 0.419720105381 127
0.0397534464 3.0623760201 0.391993188948 51
0.0320339741 3.1170763381 0.388416615442 55
0.1660993425 1.6142512916 0.529051454106 286
0.0211247609 3.1540217536 0.386462488433 43
0.1579142216 1.2018919121 0.595272441448 79
0.0679932 2.9389870316 0.399442359963 73
0.1576271204 1.1862120861 0.598114884266 74
0.0284116545 3.1207061664 0.388416049033 42
0.0099032221 3.3766323789 0.371296162905 197
0.1525576681 1.0288019109 0.628662039086 8
0.1659595116 1.6727046596 0.521014579761 301
0.1219093744 2.4647155561 0.43605047945 11
0.0104316401 3.2907689729 0.377273026623 90
0.1526368641 1.0593822756 0.622661295906 17
0.1534632204 2.0442009796 0.476455453488 22
0.0359349881 3.0898393764 0.390184947245 48
0.10269049 2.7519416985 0.411977658109 77
0.1008931024 2.748201134 0.412448160934 65
0.1705573765 1.7510915184 0.509989561432 354
0.2645088649 2.0252941269 0.466221876348 440
0.1517304984 2.3189939941 0.447354786312 67
0.1452130124 2.1629119289 0.464239089453 1
0.0386576429 3.0305338161 0.394540237073 25
0.0542291984 2.9943497181 0.396151081934 60
0.0671574436 2.9668853065 0.397294997139 100
0.0663857244 2.7671448896 0.413776214473 2
0.0677271085 2.9618059776 0.397651226418 104
0.0624829861 3.0020047729 0.394906670758 116
0.0156882224 3.2128990529 0.382512501885 76
0.0464837321 3.0093646149 0.395581485585 42
0.1458723169 2.5435084601 0.426495542825 98
0.1589450124 1.20908089 0.593819661118 87
0.0070008621 3.1529688489 0.387599174417 0
0.0016907664 3.2573116409 0.380300263264 0
0.1404617276 2.5570281401 0.425759300462 90
0.0508997865 3.0307582901 0.393572328136 82
0.0078106256 3.140166608 0.388502106603 0
0.1624569721 1.3460718725 0.570039491931 177
0.0996866169 2.7842076101 0.409509278261 93
0.0809349909 2.8731113416 0.403710394648 86
0.0156577929 3.2027052376 0.383261951748 64
0.0328812536 3.1521894344 0.385722803091 100
0.1352465984 2.5705178556 0.425010648015 73
0.0104065141 3.189057398 0.384655040176 18
0.0014797384 3.3056951321 0.376848332456 5
0.1635039624 1.4326362376 0.556151843023 208
0.1146178444 2.7972913061 0.407173654626 192
0.0731740316 2.733195466 0.416114491613 1
0.0486288236 2.9488749569 0.400199797308 15
0.1383275876 2.621030532 0.420224734038 113
0.03208194 2.9305107924 0.403015139031 0
0.1308026564 2.6272722221 0.420338067616 85
0.1627000276 1.3273937709 0.573050501067 169
0.0144402129 3.243750188 0.38035899188 95
0.1610711689 1.3091851984 0.576326296479 146
0.0363489796 3.078412656 0.391025064801 46
0.0101250161 3.3527924296 0.372931341989 177
0.0671614805 2.9155584504 0.401387199709 50
0.0442130164 2.8511096656 0.40855325173 0
0.0179573365 3.2330191601 0.380881537233 118
0.1501291425 2.1223896341 0.468107948631 10
0.1499758149 2.0988598044 0.470717198593 5
0.0560932896 3.0060378484 0.395090515334 78
0.0190328769 3.1932682936 0.383707681996 70
0.0015458076 3.2623506309 0.379946684622 0
0.0457552181 2.9954992384 0.396726651522 29
0.0155086216 3.1170763381 0.38966719805 5
0.0095136864 3.2759356269 0.378397347406 67
0.0047523105 3.3761782829 0.371682920879 83
0.0150070689 3.1397823581 0.387988690581 14
2.09485e-05 3.4657800301 0.36591160341 0
0.1421959581 2.4857799641 0.432154365887 59
0.112046028 2.5466824936 0.429301684081 10
0.1626904504 1.8090775764 0.503554081332 193
0.1575289129 1.1904809441 0.59736980637 74
0.0642796616 2.950496216 0.398821412724 63
0.1287145864 2.5576779664 0.426767492793 52
0.1650774769 1.6343722265 0.526392018878 270
0.03855413 3.1079938141 0.388610000669 80
0.0144005816 3.2430729056 0.380410857966 92
0.0084327745 3.3560541336 0.372822235241 142
0.0680410521 2.9424976785 0.399158674852 78
0.1638529324 1.7917017581 0.505618088104 227
0.0453026305 2.9111648889 0.403513185988 4
0.1618668696 1.3428007056 0.57066753325 173
0.012115408 3.341250276 0.373596746058 195
0.1601125276 1.9463848465 0.487033064386 134
0.1610103841 1.8783934064 0.495122573461 147
0.0711713701 2.9335746581 0.399620677799 80
0.0666514916 2.9857939589 0.395847915548 119
0.1474479521 2.1438845009 0.466055711578 3
0.020409274 3.1651186465 0.385688792089 47
0.0289759941 3.1162865061 0.38870708733 41
0.0002755781 3.3609325064 0.373050246974 0
0.0100752125 3.197143112 0.384082224974 19
0.1651085984 1.3608118524 0.567227771559 192
0.0077701489 3.3879825864 0.370661907266 147
0.0587525769 2.8823190956 0.404770489595 12
0.164688334 1.6848436356 0.519543678503 241
0.1659304156 1.6112577584 0.529494403738 285
0.01845149 3.1660021836 0.385768708897 45
0.0473098801 2.8337369624 0.409748167665 0
0.1016894461 2.6174732741 0.42380399206 6
0.0162806496 3.2640953684 0.378760905129 149
0.0123704789 3.1985272164 0.383811027763 41
0.156252772 1.1195942021 0.610529129051 40
0.0423396249 2.9591239764 0.39988294616 11
0.1089547081 2.4951041321 0.434399313609 1
0.1450762821 2.17985126 0.462435492972 2
0.0821073896 2.636220278 0.423878997157 0
0.0393212476 2.9566228436 0.400324736124 3
0.1136423149 2.8074897096 0.406410555548 201
0.0156214004 3.2287523344 0.381361074007 92
0.0116057965 3.1675359749 0.386164366275 17
0.0115531204 3.1486286376 0.38758324683 5
0.0138904856 3.3266840785 0.374491541312 204
0.0938756601 2.7431169209 0.413480063595 45
0.016414286 3.1441355484 0.387555602441 20
0.0911381489 2.7040018944 0.417088965482 17
0.161651228 1.3372573961 0.571606810828 167
0.1597532749 1.9144225421 0.490896831613 115
0.1278060101 2.7236763149 0.412245137882 167
0.090514634 2.8098351985 0.40813412682 75
0.1249479476 2.5057574464 0.431899641595 31
0.0781621541 2.6594004716 0.422158007823 0
0.1594362929 1.2517011096 0.586314699178 110
0.0088027976 3.1277003621 0.389369954192 0
0.161161906 1.9048546624 0.491881911044 154
0.1649457165 1.5620704549 0.536622302674 253
0.1348931689 2.7302881536 0.411084370227 209
0.0230315921 3.1315310676 0.388005759565 34
0.0517648356 2.9951949716 0.396278170701 52
0.1623668381 1.3635470296 0.567228830608 184
0.1477330656 2.1308534905 0.467444090186 1
0.1456004296 2.168699348 0.463574647822 2
0.0156079481 3.2416053029 0.380429688603 105
0.1566950569 1.9855042316 0.482835291279 59
0.0171272905 3.2498569796 0.3797239364 138
0.0155681149 3.2914058581 0.376862598192 169
0.0991689564 2.8652042084 0.402870600901 193
0.0524785761 2.9925789576 0.3964275901 52
0.1582927176 1.9505028416 0.486760650703 85
0.1544449941 1.1038250916 0.613822656623 30
0.127719936 2.6710664689 0.416772040105 112
0.0065080736 3.2310211645 0.381859443466 7
0.0142736829 3.320345316 0.374909623426 193
0.1646610401 1.4989173089 0.545914351892 235
0.0049806645 3.3254880301 0.375201528156 56
0.0640234425 2.8864203236 0.404004185179 23
0.0186168325 3.2714225741 0.378069017313 192
0.0140113221 3.2555535221 0.379537980674 101
0.0683872461 2.8767172369 0.404440392893 35
0.1633212301 1.7789485769 0.5073219485 205
0.0603672705 2.9675893009 0.397775909875 61
0.0070689189 3.2411016549 0.381085174705 16
0.1275980924 2.6841069276 0.415653077586 123
0.0781601344 2.6801025189 0.42032147986 0
